"","V1","V2","V3","V4","V5","V6"
"1",0.269830387144378,0.0043787080571412,0.210230833364422,0.146653039241674,0.347222633785351,0.021684398407034
"2",0.109142675914538,0.303634129022034,0.420020046586912,0.0138384001689309,0.146077018174986,0.0072877301325985
"3",0.1635265647828,0.139829119882639,0.224399123057512,0.341863038493934,0.106976705643293,0.023405448139822
"4",0.323927458080881,0.0603318600691457,0.210372338220133,0.294302336949353,0.097486663499462,0.0135793431810255
"5",0.160012187401183,0.212626379453468,0.369275306038141,0.110941991069259,0.0553029304352225,0.0918412056027261
"6",0.0877798439591789,0.0506562866172096,0.505434177357176,0.229269752885286,0.0763424163671328,0.0505175228140162
"7",0.0467062496205278,0.023061418358863,0.639649717919516,0.075703380578477,0.124899435701005,0.0899797978216116
"8",0.109978232039171,0.0215773274740422,0.622339293729835,0.188867098645142,0.0183821934473506,0.0388558546644594
"9",0.0167315476943727,0.370139739849188,0.15058984657216,0.0657949231192779,0.0328187229684528,0.363925219796549
"10",0.197197089309539,0.148289431513531,0.0282176364551038,0.120687658758089,0.0652439242937636,0.440364259669973
"11",0.11012621002589,0.157152052015569,0.634344671328504,0.0282833814116708,0.068349476825789,0.00174420839257807
"12",0.159683977097226,0.00653931391807351,0.601140651069409,0.131345255049443,0.075194296475937,0.0260965063899117
"13",0.0579761408178225,0.0456619461320503,0.327137086603236,0.118750245928639,0.0805327948211954,0.369941785697057
"14",0.00993208217882953,0.0740929278924089,0.698375243171445,0.104688547892942,0.0137335714703484,0.0991776273940265
"15",0.125083242401755,0.0226973717376817,0.148066883233457,0.137711003959863,0.534698014591477,0.0317434840757662
"16",0.182347993403827,0.078037609899967,0.197023708169108,0.0771692768363688,0.408014385499611,0.0574070261911185
"17",0.0951033177158587,0.140780436039538,0.468029411497646,0.14867907715023,0.0244996768150838,0.122908080781644
"18",0.0558889689158079,0.137895478205844,0.657324881764231,0.101233263679635,0.0417423556453503,0.00591505178913203
"19",0.0831592647023618,0.0572065294466892,0.428825284745646,0.0366564577450795,0.135048184182198,0.259104279178025
"20",0.0964769566523633,0.00756216517932984,0.472534740848226,0.153033205079413,0.068522686305601,0.201870245935067
"21",0.0434377483638613,0.144265152660097,0.143470416332222,0.128187864438098,0.52003305761346,0.0206057605922619
"22",0.0249158334017537,0.109674953238891,0.565349282483931,0.162753837968238,0.00624372667161979,0.131062366235566
"23",0.0436925665949359,0.288401103620538,0.290094593614423,0.0343524536251838,0.251980311668367,0.0914789708765517
"24",0.0946240222530873,0.192003971772635,0.472018934475283,0.0470152091842078,0.101551522066547,0.0927863402482396
"25",0.0514170874851154,0.0414975461142877,0.455040622708229,0.29348992711276,0.0621724996665443,0.0963823169130632
"26",0.184216723813407,0.0591311203931373,0.473197628251288,0.0312807753622059,0.134953446044906,0.117220306135056
"27",0.0569309537455614,0.104533909660902,0.0459932399782037,0.280019920554961,0.397245695290951,0.115276280769421
"28",0.0462476682261041,0.0291482970510472,0.553984512430211,0.0613877046562971,0.26839864946217,0.0408331681741708
"29",0.092072732375683,0.00532710412354666,0.596074537945398,0.227084401842849,0.0525504844682894,0.026890739244234
"30",0.475514437518262,0.0116381182152352,0.392877203485472,0.105487023589977,0.000676299441583877,0.0138069177494702
"31",0.134153155146085,0.144674836630161,0.589911199927175,0.0299243612006849,0.0325248561060649,0.0688115909898299
"32",0.135415960977704,0.151432102261681,0.303953274950249,0.0571787908871903,0.34543224324014,0.00658762768303529
"33",0.201973989694092,0.0886474597063849,0.537739589869806,0.0998603795658133,0.0340498220781322,0.0377287590857715
"34",0.066447340492841,0.0362788456758023,0.345995244727178,0.177516121520091,0.108283579014532,0.265478868569556
"35",0.203097630560749,0.0881822776155224,0.451044701871452,0.0327399654523238,0.0433333283526301,0.181602096147323
"36",0.0969678722950734,0.063909859851868,0.587251493646789,0.096852226713707,0.11777165458207,0.0372468929104927
"37",0.0609993904248443,0.0608446544834756,0.179212702454058,0.142048725064034,0.311893600967879,0.245000926605708
"38",0.0172919080325986,0.110410810579512,0.391963106995252,0.00352770360713689,0.183207733676827,0.293598737108673
"39",0.67009793182708,0.047169071153901,0.0603661268110084,0.12296822423007,0.0628549795346255,0.0365436664433157
"40",0.211869475462479,0.0464961209079571,0.282231567021149,0.0131796319542454,0.320293075350471,0.125930129303698
"41",0.0584410991450106,0.256559176723142,0.396095402382846,0.201112118128785,0.00900697440385448,0.0787852292163621
"42",0.0170981676832761,0.05204863130818,0.429316635915661,0.202752774524454,0.00580655493281131,0.292977235635618
"43",0.0106271972798297,0.00269117417187739,0.684927805670996,0.19511301792753,0.0613528409385729,0.0452879640111938
"44",0.0408273750764669,0.0231025942908716,0.150885708348259,0.0660154557522017,0.418481055246199,0.300687811286002
"45",0.252939159241943,0.311016624345303,0.139063957631009,0.0471685141721253,0.118192261443253,0.131619483166367
"46",0.0222052426263801,0.0960331800144573,0.315786239267815,0.0336580122050021,0.453920536588132,0.0783967892982136
"47",0.0291289526620971,0.0978667727992281,0.464401677703008,0.0647061449568718,0.335112399529625,0.00878405234917046
"48",0.0347475567207442,0.0338968090276899,0.520295117233315,0.0138652762792083,0.190223699291964,0.206971541447079
"49",0.143388215398957,0.0594706251826906,0.266116852548685,0.0798310763766492,0.355353957758741,0.0958392727342771
"50",0.035786096848802,0.106730666627235,0.630989598094379,0.127468612035824,0.00547255745053933,0.0935524689432206
"51",0.150679667887236,0.161809005590893,0.0979476207481864,0.181645106463482,0.259485617090088,0.148432982220115
"52",0.0123270289229517,0.112866058974561,0.262631230437858,0.128242830906564,0.4287431302891,0.0551897204689646
"53",0.437190638103648,0.0285308422005101,0.245400617163619,0.0294677119259403,0.0204019045975199,0.239008286008762
"54",0.0475808314927952,0.0838534733976418,0.608387343698192,0.138029940787338,0.113996984472416,0.00815142615161673
"55",0.119232355702058,0.0463897162501153,0.1896183969711,0.20179136462527,0.434927338802298,0.00804082764915883
"56",0.115405361255517,0.157732341776714,0.549843595730569,0.0689726241971298,0.0280523522529394,0.0799937247871319
"57",0.0829683653713961,0.328968263983198,0.125832325632501,0.102500823342819,0.113057517088771,0.246672704581315
"58",0.00596458916577736,0.0344338634271226,0.606854738289097,0.264031252335723,0.0221723120012546,0.0665432447810248
"59",0.375923212343076,0.03931526007473,0.0660942349258651,0.0928458098925218,0.379954509654897,0.0458669731089097
"60",0.0148516638679854,0.0105246038721769,0.82547167197729,0.0588070834127509,0.0079990684003655,0.0823459084694315
"61",0.10350750860781,0.147378696831643,0.406505923032783,0.14955207050614,0.023251149903748,0.169804651117876
"62",0.0400480055446366,0.253360220063671,0.317629823993284,0.0131592041195366,0.310784959944052,0.0650177863348196
"63",0.0977635915902589,0.0540161582524014,0.636116040691802,0.0762209482592925,0.0193800267156153,0.11650323449063
"64",0.0128147848453883,0.229411828108521,0.318111274137907,0.147381162589958,0.286302289744173,0.00597866057405415
"65",0.00135871527721208,0.190550852699475,0.319491590279182,0.28177062438249,0.19561652650464,0.0112116908570015
"66",0.473833610067586,0.0278289056924155,0.115500774745022,0.213153462741726,0.145356940531632,0.0243263062216182
"67",0.0023687682052843,0.112879737438702,0.362903869477573,0.363653719528559,0.0275003681656301,0.130693537184252
"68",0.11669541879656,0.0643983078958704,0.442162215851445,0.0292740808350338,0.215285141592556,0.132184835028534
"69",0.0293016000275884,0.190280249871254,0.537256062617407,0.104306899619341,0.0751504334266568,0.0637047544377525
"70",0.0602005852466556,0.0404436727126613,0.443203595613105,0.181366219775187,0.116875296187277,0.157910630465114
"71",0.0252316853343299,0.0108086113912869,0.716807760702527,0.178955785197005,0.0434404835668919,0.0247556738079591
"72",0.39792076807074,0.072609907473219,0.29375922115365,0.117669714412155,0.0574183526907395,0.0606220361994967
"73",0.145943238497115,0.212360497096501,0.477279799255773,0.0905457052741112,0.0449091247309245,0.0289616351455762
"74",0.00771190638083775,0.138440275041562,0.655112634147623,0.0338763002467295,0.149435213983344,0.0154236701999035
"75",0.0233747409508654,0.183079509687746,0.219596614024212,0.0363377467827236,0.363952537902598,0.173658850651855
"76",0.259219448796473,0.0669628197608928,0.408541288776499,0.0814071254405885,0.150489931000258,0.0333793862252883
"77",0.191448198048891,0.0309615515485306,0.490633858226737,0.127429338404176,0.147122546036601,0.012404507735065
"78",0.193847651832689,0.138839832332149,0.240296584153569,0.125338578731868,0.200483238122998,0.101194114826728
"79",0.279134845811572,0.181874028886658,0.112520727310468,0.0871428314752505,0.172439690047872,0.166887876468179
"80",0.00537505179599982,0.117860176931534,0.382811828423576,0.116940380502857,0.170593660876169,0.206418901469864
"81",0.169803907346476,0.0799275769711202,0.551266029311631,0.0764433444754499,0.0538212894905953,0.0687378524047275
"82",0.0761812647319541,0.0195983696390799,0.703386329724961,0.0279015430311954,0.169410582748326,0.00352191012448356
"83",0.0930470933103489,0.0026714888391649,0.396614686082618,0.205848627645846,0.289589193128818,0.0122289109932043
"84",0.0868262127739276,0.0621626667641835,0.672830090325254,0.0421741441293738,0.0240352187638017,0.11197166724346
"85",0.0727757874484805,0.0410617152752812,0.685084981944488,0.133269239900387,0.0281081240946138,0.0397001513367493
"86",0.227835448040675,0.140601926940128,0.41212884600568,0.147819861114196,0.0448306205332892,0.0267832973660312
"87",0.102307382004935,0.0740919433025186,0.281171284627573,0.0488670490099221,0.42338924474387,0.0701730963111818
"88",0.00047225371736676,0.0722518010871038,0.667430528133277,0.0372162105638632,0.156393041489652,0.0662361650087372
"89",0.131422118439427,0.100957999331715,0.403612205830649,0.113318934623633,0.202191853144318,0.048496888630258
"90",0.0613074924545966,0.198155329939275,0.533714669860357,0.0647198111139512,0.0945661031821892,0.047536593449631
"91",0.0341236051762326,0.348616657712871,0.0451491170418458,0.0788659539813329,0.398217884580705,0.0950267815070134
"92",0.0207641442575803,0.0572921702631417,0.536464276556468,0.0980342256624314,0.101722404745851,0.185722778514528
"93",0.0609561253170569,0.0413162845187159,0.6689952156786,0.0984558343462755,0.0407514746612962,0.0895250654780556
"94",0.00732859386125756,0.0726537432647879,0.628791578235356,0.245863289120821,0.0425065365259246,0.00285625899185258
"95",0.169135911197362,0.472305520019066,0.277860740025293,0.000804365047578022,0.0239983608799931,0.0558951028307072
"96",0.0625949800960269,0.155904376160561,0.464480948329662,0.0884597092074298,0.185488198282321,0.0430717879239998
"97",0.149314272053476,0.131737782428554,0.290240491022276,0.0495005111016728,0.102477580897338,0.276729362496683
"98",0.157830901913008,0.0563502454236837,0.196971157766794,0.401357657010706,0.0262155457618292,0.161274492123979
"99",0.225615201552334,0.0891261813235019,0.269145968964581,0.0417745103057208,0.157366856477694,0.216971281376167
"100",0.132718587257204,0.034341054203797,0.302285841488731,0.12488297134468,0.2999306056797,0.105840940025887
"101",0.0751892553592871,0.081103811807098,0.465010937204119,0.135666869706801,0.0133021521539874,0.229726973768708
"102",0.238294584058952,0.0907400027927316,0.167081348450837,0.19247444507286,0.0514096820976658,0.259999937526953
"103",0.0874785294233128,0.1682481699476,0.455662326600394,0.00374190277942958,0.0202796084580928,0.26458946279117
"104",0.0824684509468677,0.108125628491925,0.293670702475519,0.178303509693185,0.242389239484132,0.0950424689083722
"105",0.00961584897898007,0.0351262511362304,0.241942808463408,0.0977146816444269,0.482622484993465,0.132977924783489
"106",0.466985647457705,0.0879978024918435,0.346976045660116,0.0111912918263431,0.00430548574571893,0.0825437268182728
"107",0.01415758157355,0.0336993698730052,0.583040971526574,0.301834763229072,0.00688176361971766,0.0603855501780807
"108",0.156831593336897,0.0547977371637482,0.494049592440417,0.080970314070677,0.185080724346749,0.0282700386415119
"109",0.228780979484864,0.0732794737495284,0.208494834116948,0.0181656656891055,0.220920006441324,0.25035904051823
"110",0.0189061305048517,0.124245582093105,0.278639450560053,0.0932753829123856,0.43309678330793,0.0518366706216744
"111",0.237361012184006,0.0590293314164876,0.495264528678564,0.104765479241453,0.00064163076875275,0.102938017710736
"112",0.00559821634221907,0.0114613370615784,0.650471338429215,0.0159388632209254,0.0372619067226166,0.279268338223446
"113",0.120928871283349,0.0454675711118084,0.0968291324484581,0.29282416334306,0.166921507066221,0.277028754747103
"114",0.0126828644266942,0.259367959577983,0.208786930816383,0.186120388631654,0.319830906063132,0.0132109504841544
"115",0.0583766680250309,0.0046124409655265,0.486540734981337,0.136341904130649,0.089555869602472,0.224572382294984
"116",0.0184073955716769,0.0425818526249176,0.204527211227839,0.174265900946566,0.47731786555003,0.0828997740789706
"117",0.0574426500155743,0.26008436707578,0.0317175211173057,0.0394160901875079,0.354973315440562,0.256366056163271
"118",0.20415049518154,0.100402795900858,0.417128158483527,0.0157140756863904,0.0877827801989987,0.174821694548685
"119",0.00708550402597164,0.154201987027223,0.490395565807569,0.0486037741070586,0.205751131181393,0.0939620378507858
"120",0.140320781136247,0.0336385433570281,0.480472296646344,0.115470208153826,0.0374261476967483,0.192672023009806
"121",0.0995861273409561,0.017773281498224,0.463033941891236,0.0255588564739296,0.333886020792687,0.0601617720029677
"122",0.0424112604925249,0.00190946331882751,0.439963192601059,0.299255178581034,0.0565966176518367,0.159864287354718
"123",0.109942984831032,0.127547293508599,0.537692279858524,0.161945930325623,0.0386832506741128,0.0241882608021096
"124",0.0179783004215299,0.00377623859018263,0.576884411064427,0.133019015417268,0.0136808378846802,0.254661196621912
"125",0.219169451048073,0.222458964397584,0.304412556114275,0.155003938845677,0.0129037882602685,0.0860513013341229
"126",0.0771789615411115,0.157620416550091,0.138408935015608,0.234747818257044,0.263014610835113,0.129029257801032
"127",0.413397322918465,0.0163731589533242,0.350285366836746,0.0300791809138276,0.0144625336677798,0.175402436709857
"128",0.16306340184216,0.0898506690807243,0.225735367200399,0.269368244543529,0.233737325771711,0.018244991561477
"129",0.0385028658741147,0.0100510210397368,0.246827241688537,0.23733462457101,0.463676358757212,0.00360788806938896
"130",0.250452816110153,0.0267363783975227,0.105913164136014,0.16150957164841,0.418440748070787,0.0369473216371139
"131",0.0845177858067194,0.14903807419168,0.287578139254878,0.0318964195320086,0.1818991375695,0.265070443645214
"132",0.284313351441717,0.0969057521684878,0.0407474974184945,0.196827931895002,0.0899379801069243,0.291267486969374
"133",0.160403408688681,0.045118860778011,0.413557615093057,0.00620136284632648,0.102792719947561,0.271926032646364
"134",0.296770396898967,0.0587765842585934,0.127549128179334,0.139904005347389,0.359477085498607,0.0175227998171088
"135",0.108184481784538,0.102988362373726,0.487617538620604,0.0946423419869664,0.199587718610958,0.00697955662320743
"136",0.0847010357770382,0.0232950800141318,0.611431723996201,0.210551657312757,0.0434077677359186,0.0266127351639536
"137",0.0289938100400078,0.0326768244613962,0.307290115328137,0.0610259578511576,0.5383329401443,0.0316803521750009
"138",0.0785764275940132,0.136318431220681,0.523492817310482,0.0669002323574353,0.124447890441005,0.070264201076384
"139",0.27459100225509,0.0447746433582905,0.211899815222313,0.0946650460093197,0.304721692547403,0.0693478006075846
"140",0.054171384641762,0.336265440861874,0.491725692672731,0.0463967978364383,0.0483759216958159,0.0230647622913786
"141",0.241062546544493,0.0647497724930986,0.335970073809658,0.216104660943996,0.100629887878384,0.0414830583303698
"142",0.00991396538867377,0.04072425506879,0.501752293298455,0.00142956923361375,0.0760746389242221,0.370105278086246
"143",0.220154877498563,0.252210309333701,0.257345531857067,0.0964980610780788,0.114079992423461,0.0597112278091292
"144",0.00641023644337258,0.37382198059554,0.362287769158732,0.0749296616273049,0.113223949347543,0.0693264028275062
"145",0.171947082112267,0.132026498073883,0.487066247856393,0.117602696393794,0.0175211964479903,0.0738362791156729
"146",0.101162289746097,0.0361806557189732,0.602370801972852,0.144503994052648,0.00349787567988431,0.112284382829545
"147",0.0985382400190027,0.359826060246052,0.203135479520961,0.10495531656885,0.147809187330668,0.0857357163144661
"148",0.0372529744593713,0.0694189358619708,0.560484660340939,0.202743297517776,0.0441399862307603,0.0859601455891825
"149",0.156859418870662,0.192128109930223,0.37191569737021,0.194520381672485,0.0613978542604881,0.0231785378959311
"150",0.00487024219684304,0.0163655883337633,0.545062441892004,0.163012835882469,0.0879688409583484,0.182720050736572
"151",0.132318962643301,0.0579670394587471,0.510021314460678,0.201369592383232,0.0760304099901009,0.0222926810639404
"152",0.0411626151981362,0.0053936964089661,0.737494118200814,0.171368287450743,0.0221848445798833,0.0223964381614574
"153",0.128065269520892,0.0839611674253409,0.611678059738638,0.13129741819097,0.0346954867454363,0.0103025983787228
"154",0.0675697824253452,0.012048263931542,0.664454141757761,0.0668589513364627,0.0775909404273722,0.111477920121517
"155",0.132493722271391,0.238365139448638,0.168820239628729,0.100682598466345,0.222543827397144,0.137094472787754
"156",0.115905874470633,0.0310022165981213,0.474488358472236,0.0516284793795942,0.190329763878356,0.136645307201059
"157",0.0136234533595344,0.00949788886928795,0.353872887972297,0.0906436146033404,0.322698579324179,0.209663575871362
"158",0.435261618960386,0.111815245961359,0.0184911321550209,0.0564313168478211,0.17747307876163,0.200527607313783
"159",0.0446966316549054,0.0301860566428304,0.637598512953215,0.198937574991643,0.0331622131542861,0.05541901060312
"160",0.101987875425859,0.041481674326534,0.199441371580799,0.0173460709230399,0.51774705191564,0.121995955828128
"161",0.0748934507080249,0.186832431730483,0.421193509877396,0.178799692177793,0.00893773326802239,0.12934318223828
"162",0.0326446207206569,0.101276354881717,0.477110239284075,0.197727988209883,0.143091350913075,0.0481494459905935
"163",0.428350181250416,0.0204327432151566,0.115690290243365,0.00926945389067183,0.397191100443347,0.0290662309570435
"164",0.0122092098292084,0.0138626454158497,0.486354363399531,0.0860536164839864,0.365920009591666,0.0356001552797583
"165",0.159808958459519,0.275052910966827,0.363777682468362,0.0947790738239567,0.0763322371842132,0.0302491370971222
"166",0.143079324951688,0.0218642697646235,0.444614701782701,0.184815013434908,0.131861674970479,0.0737650150956001
"167",0.0787997101435238,0.169794125855119,0.236481261697684,0.116888106657069,0.351814182496769,0.0462226131498353
"168",0.300058788679241,0.118608344533036,0.151907963841124,0.0439428233114799,0.382111899570204,0.00337018006491499
"169",0.0809283937032595,0.0347001744697382,0.425127698110695,0.0822264338263981,0.147604782694254,0.229412517195655
"170",0.110525946150931,0.000260411327655766,0.47467813672392,0.0767523264305247,0.29563626490025,0.0421469144667182
"171",0.164555821448919,0.0727218372636502,0.521966690053346,0.0779814196126502,0.0774876992745291,0.0852865323469062
"172",0.023555110634824,0.015497799400655,0.783472699641074,0.0245639528114882,0.0787751972119239,0.0741352403000345
"173",0.20682282057947,0.00169545079585034,0.385588288849967,0.107722601637202,0.104799243340599,0.193371594796911
"174",0.201965752407173,0.124446473263932,0.105005867334146,0.160663379703024,0.349768253813446,0.0581502734782787
"175",0.0862851656648159,0.175330903618309,0.412265277850509,0.162247963846482,0.0915098726106514,0.0723608164092328
"176",0.0578225336814383,0.250943100444803,0.244776969193737,0.0790983254345417,0.27396600614879,0.0933930650966901
"177",0.0123863629190282,0.00452088309308509,0.202403946377444,0.320324618485036,0.089385104700407,0.370979084425
"178",0.139580394718716,0.0566707619980732,0.377565525136904,0.297649625307728,0.0682641445577898,0.0602695482807892
"179",0.0398974275362809,0.26542956531774,0.501500350185114,0.0442841463326039,0.0329119894744974,0.115976521153763
"180",0.030857289206685,0.0967979519803658,0.66393353860299,0.0365644322305224,0.144689887698017,0.0271569002814197
"181",0.0286084484435378,0.266546219903649,0.176801557075626,0.143563996504942,0.349570492538299,0.0349092855339463
"182",0.0036246847109983,0.393376165575411,0.23833726812255,0.0333460237680192,0.170078872158377,0.161236985664644
"183",0.0693649861520424,0.042543461221297,0.242200970470234,0.120165298972453,0.49780168269684,0.0279236004871332
"184",0.161448606611622,0.284114658465928,0.289133786730555,0.157746818102947,0.00326721847552963,0.104288911613419
"185",0.0151458717933336,0.21691936542926,0.400282423981787,0.129601504851597,0.229184145580465,0.00886668836355743
"186",0.181835056408306,0.0509634079072632,0.321692457782755,0.217067167649262,0.205224233158964,0.023217677093451
"187",0.364746688276382,0.00770916366160396,0.343701253224121,0.179652749621322,0.00588838199890889,0.0983017632176615
"188",0.0249556414689695,0.0415731339193628,0.589025311270624,0.213067133196371,0.087755324754389,0.0436234553902832
"189",0.176661663391745,0.0717059966112969,0.615409043169803,0.0781408639192058,0.0426534810055036,0.0154289519024462
"190",0.275197258577286,0.0604425480248298,0.450369817529355,0.131019670830961,0.00876060857844953,0.0742100964591181
"191",0.032281279588484,0.128409045230748,0.408432005464577,0.128595449099414,0.290921100001934,0.0113611206148427
"192",0.00631329192764374,0.116451400652867,0.488530173529726,0.251671669099953,0.0398251131386456,0.0972083516511646
"193",0.0884226629366845,0.000865208413900422,0.486781402652828,0.267452294282369,0.083502738323929,0.0729756933902897
"194",0.10879463109288,0.283068852013086,0.446939568536826,0.117916742927391,0.0131633733276544,0.0301168321021626
"195",0.240858245318011,0.0447881394451753,0.31550802090666,0.0266163464822061,0.206975493861153,0.165253753986794
"196",0.293936652332626,0.103359179231053,0.376495934440096,0.041589404066026,0.137811556817225,0.0468072731129747
"197",0.0683487900074945,0.0203012195628332,0.518093919991992,0.331765199336501,0.0105706846307112,0.0509201864704679
"198",0.0590745316622041,0.0552302741635842,0.424855527004025,0.235986374944414,0.0974177449338069,0.127435547291966
"199",0.00236056827473847,0.0294298686537907,0.42107295638777,0.356678626881069,0.0400213868373512,0.150436592965281
"200",0.298969848453982,0.154247145492433,0.0212120655788509,0.127692084633369,0.36115792215574,0.0367209336856258
"201",0.0156129865349073,0.102204503327181,0.534210478012106,0.0971874099104805,0.250437093748945,0.000347528466380148
"202",0.104204795084266,0.209564718140252,0.210916015470503,0.00023810965627704,0.223356691084522,0.251719670564181
"203",0.179561484832691,0.0558740049247431,0.413301334912813,0.136248213474342,0.127480062080184,0.0875348997752265
"204",0.195969649456569,0.139736425945844,0.405734202697431,0.0264172781463466,0.232076998206998,6.54455468119755e-05
"205",0.15317635648489,0.202962601101271,0.455604204792543,0.0569530178465534,0.0539950100779402,0.0773088096968031
"206",0.584767409918363,0.0293538399835727,0.117923144046131,0.0637961093236021,0.108443753229104,0.0957157434992269
"207",0.418542045536964,0.235341533959443,0.00782073077650198,0.0521336985992795,0.172915698923197,0.113246292204614
"208",0.0847194591088216,0.252414768966062,0.0453892635973666,0.0575250998625892,0.486126907823612,0.0738245006415488
"209",0.0704483330977174,0.0287270883380776,0.655726390840911,0.202418293032234,0.0393102210954981,0.00336967359556148
"210",0.0383939448215781,0.111592612244777,0.108189250089217,0.141507066305995,0.369347989138338,0.230969137400095
"211",0.00674110777485192,0.00866411343944057,0.299925180710537,0.137207409627471,0.173586013073436,0.373876175374263
"212",0.166190749428331,0.205402900860345,0.387179341217757,0.038822261423144,0.169522946575772,0.0328818004946509
"213",0.00859342600676345,0.0144641390355322,0.516932811547971,0.0947951598939851,0.192023427425053,0.173191036090695
"214",0.151551783307378,0.0855511241704961,0.484349372904906,0.185709636863731,0.00108187598975183,0.0917562067637376
"215",0.0194252243764681,0.170112696216581,0.274575056249828,0.139169765843915,0.279288537486894,0.117428719826315
"216",0.0916470484987923,0.0125705923648842,0.422299482826543,0.168567149044216,0.270356303648402,0.0345594236171623
"217",0.149151797903465,0.024751821792572,0.533180085052912,0.0996915493161086,0.188708436896991,0.00451630903795196
"218",0.241938262415441,0.124854966438708,0.193662602109869,0.0564758576707309,0.341522830479843,0.0415454808854081
"219",0.0473019608026319,0.0653674596733877,0.333723998254397,0.193737567328606,0.354332978896864,0.00553603504411299
"220",0.0801355488714625,0.0218961106908141,0.404137071230503,0.298051399943679,0.183733798551318,0.0120460707122236
"221",0.00322985018951907,0.239150025557014,0.532892246683497,0.0968109362650036,0.0441680772318605,0.0837488640731057
"222",0.0450258286635603,0.0422217229194082,0.651276573563125,0.0807421750518867,0.073659204088666,0.107074495713354
"223",0.000823435604558829,0.000360944480746785,0.860326882510535,0.0245720555804893,0.0115532522630434,0.102363429560627
"224",0.175927221172236,0.0361429314962633,0.383501162284354,0.238961265034788,0.158698455155841,0.00676896485651786
"225",0.341675311051226,0.0651744715180737,0.50856726945591,0.0313725612023823,0.0437573850305244,0.00945300174188362
"226",0.0278171184753439,0.218418353228159,0.0934076357227858,0.0777742956177885,0.244732465289204,0.337850131666718
"227",0.35200650210724,0.207210136459969,0.315429788811462,0.0605395179469363,0.0198779015714403,0.0449361531029523
"228",0.0201584716754712,0.0812139833254289,0.486143215661652,0.128816615398125,0.0413627612732267,0.242304952666095
"229",0.0543196785837887,0.29163478061297,0.180940482435194,0.347627207186392,0.0461263594135635,0.0793514917680921
"230",0.0646541661770468,0.0315052267415096,0.602042555689472,0.0532188266637894,0.109229331577755,0.139349893150428
"231",0.0755242311012492,0.0166669223070485,0.63950132655703,0.0621282299800312,0.100482762722797,0.105696527331844
"232",0.072581271168184,0.325095277486375,0.287064835887634,0.0166283341995114,0.0520135333918477,0.246616747866448
"233",0.0283942000539611,0.366550871564098,0.184777408868113,0.0484551035225205,0.161013696293779,0.210808719697528
"234",0.213648570173421,0.013478480697383,0.371943149748409,0.0864688662674843,0.143842705375596,0.170618227737707
"235",0.0818037370441698,0.0970062433961158,0.468188425988127,0.103957714879663,0.0108904397698557,0.238153438922068
"236",0.0404791587167285,0.109564303064199,0.35308431110576,0.289962740555662,0.172836963827061,0.0340725227305885
"237",0.0576766014361447,0.037407052814606,0.67909705965801,0.163208710128617,0.0136078529035429,0.0490027230590794
"238",0.133026558653257,0.0740868572549387,0.638646928995422,0.0736802895023544,0.0489968785562607,0.0315624870377674
"239",0.0299372065912354,0.0642077506936511,0.468732375684562,0.224075285540239,0.0271293702621606,0.185918011228152
"240",0.140489210234062,0.0331250759022945,0.334703625606966,0.16205451343702,0.209698893149825,0.119928681669832
"241",0.00118280747125979,0.0185629934322568,0.483371192854807,0.0962023139749323,0.124713993283572,0.275966698983172
"242",0.0275163072025653,0.115941450518809,0.589764786160232,0.0482214650335536,0.00225000119034606,0.216305989894495
"243",0.0473346071931744,0.275950818419356,0.317796458073643,0.0627012620983363,0.0976649742445688,0.198551879970921
"244",0.0231170631925035,0.327534389808055,0.391943132034346,0.0476859249042962,0.114977081000142,0.0947424090606578
"245",0.0324559287800666,0.209475398911107,0.231506258454218,0.199785378650938,0.226195094992041,0.10058194021163
"246",0.0191379161429853,0.267741869597637,0.206946159449263,0.0393610004823188,0.38948053227459,0.0773325220532064
"247",0.0478776928552661,0.0790651926811304,0.61445969984197,0.165801591525558,0.0615699456290124,0.0312258774670628
"248",0.00825213611726548,0.00528750965665633,0.409888779752235,0.292562038006604,0.167402580773451,0.116606955693789
"249",0.00630366762042109,0.0598338706640155,0.600098133181105,0.262996446139077,0.0706625685965849,0.000105313798796185
"250",0.598235596873649,0.072868501596767,0.0408741286288048,0.163699523369354,0.0567852880679305,0.0675369614634939
"251",0.101966816240004,0.206503972311849,0.242115277014303,0.0811253325056866,0.243315247056705,0.124973354871453
"252",0.104806072050172,0.21860287462098,0.323114317702997,0.184093933058999,0.144617317188702,0.0247654853781501
"253",0.0908847738019196,0.0412087790636777,0.52862304988348,0.0912418117890525,0.00286884521010968,0.245172740251761
"254",0.018714193443182,0.0773540451627766,0.253863340916815,0.0792271123997303,0.535040264740581,0.0358010433369151
"255",0.0387515628451647,0.0233717842015605,0.58029854365427,0.0374276610346061,0.0748354495179978,0.245314998746401
"256",0.0558924288347275,0.217387639163371,0.391871907315242,0.112229285612193,0.0811844873520838,0.141434251722383
"257",0.0768143345393637,0.460133573619835,0.108522904404625,0.13663115024373,0.104225505790451,0.113672531401995
"258",0.0596034525217563,0.14158539688682,0.634304933680274,0.0321724806740736,0.00207321773346908,0.130260518503607
"259",0.0080795296728889,8.27756241720461e-05,0.560334041936818,0.0456049243311783,0.0660933777245229,0.31980535071042
"260",0.00788815038600075,0.0445478104267019,0.660782827846882,0.244903202534122,0.0184665769667385,0.0234114318395549
"261",0.0850688958554389,0.0122975047452584,0.596237881588112,0.21906965324754,0.0333593702718885,0.0539666942917621
"262",0.20420843790772,0.0969720477187409,0.166479457534455,0.0264953715222178,0.0335835004903626,0.472261184826504
"263",0.017716730140666,0.028232714382829,0.59422922941789,0.279454884151345,0.0801032265669883,0.000263215340281483
"264",0.341964410420603,0.0599287087832848,0.38357134396704,0.0756852430065361,0.0704586001150722,0.0683916937074642
"265",0.014438068766591,0.083566518703142,0.488052274592215,0.187794059726028,0.171683632076241,0.0544654461357837
"266",0.0325226212630874,0.0761385541932513,0.510750257833557,0.283347334910484,0.0250397709437536,0.0722014608558671
"267",0.0687297606003956,0.298641971599922,0.219812575943592,0.0245777091441088,0.35397196991165,0.0342660128003311
"268",0.0484563383101947,0.0408465689021137,0.57325378354557,0.0142006991684572,0.0597759097238583,0.263466700349806
"269",0.266393084375737,0.247992558915748,0.0517988026177801,0.0400449956099204,0.344237299741719,0.0495332587390955
"270",0.235026689421982,0.0223527238542729,0.451396247451068,0.131936962684197,0.0785619166470769,0.0807254599414038
"271",0.00332219767703666,0.0457819375448369,0.631235327366942,0.182349626513839,0.115221175138348,0.0220897357589976
"272",0.189217994148404,0.113842193545981,0.146481089937484,0.194535319771549,0.353096694504154,0.00282670809242751
"273",0.426700710503304,0.0335740075610712,0.321801162786091,0.0994369188191337,0.0318464102087496,0.0866407901216503
"274",0.0620812987624284,0.0231353634768239,0.622615981144393,0.202855392746929,0.00900681434985007,0.0803051495195755
"275",0.0212476989738898,0.097110047145882,0.451913993686175,0.197930907941329,0.14521943572402,0.0865779165287049
"276",0.116878314315212,0.0682314279493031,0.474882435466259,0.015611004354491,0.25117653441021,0.0732202835045257
"277",0.152857847032415,0.00796876983152962,0.638347967579323,0.061905372474026,0.00615533218327742,0.132764710899429
"278",0.32468034672461,0.122664588190106,0.345324696693142,0.0831731216281001,0.0863314206464724,0.0378258261175697
"279",0.0449009830695751,0.192269051076464,0.579337439897452,0.1322293210723,0.00866691254600003,0.0425962923382092
"280",0.0043436284183686,0.111795953183047,0.385051346756689,0.124521036734131,0.0866356088065825,0.287652426101183
"281",0.170754621289,0.0678717163369914,0.474522194513222,0.155637569643266,0.116239451852746,0.0149744463647736
"282",0.134794371302453,0.236440949995012,0.0316118293486432,0.209508217760979,0.342126701245123,0.0455179303477893
"283",0.0780786356091996,0.00391815929843922,0.585199967967376,0.267629352025774,0.0650573985797736,0.00011648651943729
"284",0.225852091780929,0.00185874260393555,0.462803202790477,0.00294353430814502,0.0834032323359053,0.223139196180608
"285",0.0253918622836104,0.0432487769566844,0.308778124363011,0.0358893766498286,0.0821589854666609,0.504532874280204
"286",0.232643071496389,0.0692731108523213,0.43418306631294,0.112366647474607,0.0956106461812268,0.0559234576825156
"287",0.0747675511737358,0.131216781610413,0.452180608899283,0.237364773208049,0.0718116011730489,0.0326586839354708
"288",0.290541605301998,0.00737124374804289,0.480656469630051,0.0395955647053013,0.176144476575226,0.00569064003938118
"289",0.121031792051972,0.163798537281982,0.237715569129176,0.0806700177376427,0.333554791597149,0.0632292922020782
"290",0.001404730678437,0.1088869651454,0.4305131680362,0.176058518830535,0.13728461716217,0.145852000147257
"291",0.371257588387486,0.112669370558816,0.117664310570794,0.26795058414357,0.0220825263353756,0.108375620003958
"292",0.0265660683351161,0.352426061349003,0.445426976370777,0.0774325347143706,0.0818998442441409,0.0162485149865929
"293",0.0249347997357846,0.115686340394338,0.328099766004954,0.21951057307516,0.217593231042731,0.0941752897470324
"294",0.122489279241039,0.337887520684153,0.281507110256042,0.0713195721519967,0.130500335299359,0.056296182367411
"295",0.309510267317249,0.177582007379331,0.30136215631348,0.0454808503444655,0.116375407340396,0.0496893113050771
"296",0.00423845319460451,0.0253462374978482,0.428331022337761,0.230469639733037,0.222471064560502,0.0891435826762473
"297",0.0886035514362005,0.121406918409717,0.288017382982388,0.147255584429011,0.261164618022612,0.0935519447200709
"298",0.361584571999722,0.0598195608096615,0.192752443601379,0.0374780819695648,0.0753891587005643,0.272976182919109
"299",0.0450793043177567,0.0172831093044306,0.79442640328957,0.0194049321593028,0.0363170383622012,0.0874892125667388
"300",0.128234536616576,0.0412561888381452,0.562345345065689,0.167256428904917,0.0928620267781672,0.0080454737965049
"301",0.0608812198096307,0.23690507136208,0.50902883136129,0.0748223140296099,0.0574595697511622,0.0609029936862277
"302",0.0475035734112374,0.0259021948950204,0.27477204425558,0.245154182188265,0.369188353050405,0.0374796521994931
"303",0.000783393402864729,0.00797689674421158,0.531697779673028,0.0896302623888704,0.0489509228245803,0.320960744966445
"304",0.107159954219363,0.0314840683859044,0.467930295648145,0.238448979439214,0.0614643469153998,0.0935123553919735
"305",0.0868688824054194,0.0330415194564966,0.438957522087494,0.215687509725976,0.054783078261611,0.170661488063004
"306",0.115271204370099,0.056421086998847,0.235960216318513,0.0305488498124625,0.280011640919043,0.281787001581036
"307",0.0609509140724478,0.0538052077157301,0.375046194558461,0.259754160837296,0.204866370875135,0.0455771519409301
"308",0.164474530204514,0.0164318761103691,0.0693863033178045,0.111490913139922,0.624708505832793,0.0135078713945976
"309",0.230523386952399,0.00132914383824761,0.398694426817842,0.121935428073873,0.163811342128332,0.0837062721893063
"310",0.167470020749411,0.0307950910638513,0.326809223854946,0.25381925092154,0.182475952685034,0.0386304607252177
"311",0.0511946014052315,0.038638244977978,0.31921265937637,0.0589629133185454,0.344573146937441,0.187418433984434
"312",0.180778782789475,0.00820095945733964,0.550377977222138,0.0235174410262354,0.189332255478453,0.0477925840263585
"313",0.0097513627226138,0.180490556755912,0.485436859887857,0.0404014553161828,0.163318728683716,0.120601036633719
"314",0.0104816117982558,0.0344259351728128,0.616684119689974,0.18624063880493,0.127647493057796,0.0245202014762317
"315",0.183336760269569,0.128222035391361,0.283351825953746,0.00684503291017756,0.0107356367499825,0.387508708725165
"316",0.0205709271470262,0.0625521484736715,0.575455975695003,0.112491204358328,0.0692758588604982,0.159653885465473
"317",0.18176722386421,0.113408124021129,0.269300592336163,0.184468753429476,0.0313298996251039,0.219725406723918
"318",0.03725559747821,0.116690903674483,0.586095174144107,0.000546403343359084,0.125453184132986,0.133958737226854
"319",0.131940036458632,0.0732488836676399,0.256088393075165,0.138922950681118,0.39555147127562,0.00424826484182443
"320",0.156324612936553,0.154813989697156,0.484378700171704,0.11426128222295,0.0185942829452586,0.0716271320263791
"321",0.00017344371433781,0.142508344302503,0.719447289555829,0.0424596947004387,0.0834502427891493,0.0119609849377419
"322",0.152775260013261,0.0555373833893097,0.266663180446586,0.0952384605217459,0.299574815121856,0.130210900507241
"323",0.290102654481428,0.0121069605050915,0.644117310645363,0.00466260558376537,0.011794117639896,0.0372163511444561
"324",0.0317900406753192,0.115902484762974,0.430795229854824,0.305592336466751,0.0806010977994995,0.0353188104406332
"325",0.124626429837303,0.173656365797401,0.378546096849013,0.166132494766864,0.107064600861807,0.0499740118876115
"326",0.318999792971184,0.274894208407383,0.128961000869669,0.101626706403508,0.126754509436541,0.0487637819117148
"327",0.225428969480412,0.01887534088421,0.382207184687962,0.182973881478038,0.0958200728473905,0.0946945506219871
"328",0.134767709901834,0.0680818386277934,0.19020354786173,0.134271165870748,0.381839979989461,0.090835757748435
"329",0.0594506877399793,0.164788138818642,0.470912402671526,0.193101840957176,0.0298862661526804,0.0818606636599952
"330",0.0243278039355445,0.345820178735813,0.159951927171937,0.150441592882536,0.0329956666989276,0.286462830575242
"331",0.0231931531076939,0.0390379064466844,0.569569207492918,0.176271877744622,0.156048471331636,0.0358793838764454
"332",0.0295625172192465,0.0331295161830993,0.614199949334594,0.130655004719352,0.00847073763582399,0.183982274907885
"333",0.0402266442721715,0.0305330171179946,0.513126683075258,0.308015198544876,0.0564460689394483,0.0516523880502517
"334",0.365132566819128,0.0194172566297369,0.137182796175058,0.0141710816802613,0.185983135119269,0.278113163576548
"335",0.00880564454373786,0.430386595854842,0.165777674804699,0.290468169949809,0.000483365853290279,0.104078548993623
"336",0.174953761566129,0.0753631587831501,0.523611978172899,0.12034043682086,0.0345772405236452,0.0711534241333172
"337",0.122137567261551,0.117159698516098,0.193990950114477,0.148567799063388,0.075305051545091,0.342838933499395
"338",0.105103619337934,0.0105013989172571,0.683541838229207,0.0166400648904648,0.00671198763428329,0.177501090990854
"339",0.166382796230825,0.0426641437099251,0.579586848596149,0.0100647145630646,0.144027934645731,0.0572735622543055
"340",0.206816528199916,0.174700526101032,0.0478789070089859,0.0183602157679383,0.0305794050258323,0.521664417896295
