"","V1","V2","V3","V4","V5","V6"
"1",0.122215620349079,0.0045372087658002,0.403964667854508,0.34122907853413,0.0482381739208388,0.0798152505756442
"2",0.0317084911156076,0.0294942994327304,0.52765379281334,0.36595837634294,0.00579675875939217,0.0393882815359895
"3",0.0286041912546718,0.00827576375621258,0.450312479222011,0.40950549705148,0.0901551843404058,0.0131468843752188
"4",0.00981721590841973,0.00961214784456335,0.523508981354057,0.439584533102179,0.0133180062312757,0.00415911555950562
"5",0.0418299283888713,0.02232201309909,0.403400764562711,0.404438673485892,0.0858342992032654,0.0421743212601704
"6",0.0103308801045075,0.0245568412633888,0.471471857938627,0.417166647496943,0.0266302205511244,0.04984355264541
"7",0.0448368714340181,0.014324210685947,0.42185594340411,0.391514080240009,0.0309039970037446,0.0965648972321705
"8",0.013649527553683,0.00349166418752359,0.519624819270026,0.427371019348429,0.0234341305574268,0.0124288390829117
"9",0.0461674251534632,0.00445452933089181,0.513711011992862,0.384532332658153,0.0456777855112661,0.00545691535336471
"10",0.0706769934389512,0.0341977091444144,0.474619963370306,0.354914727473766,0.0404900901623758,0.0251005164101862
"11",0.10903495475264,0.107581411061439,0.385553353207311,0.284850695525634,0.0123047967896832,0.100674788663292
"12",0.0829978563912472,0.00524331316020388,0.342320470696529,0.408147618679401,0.0706415749977092,0.0906491660749107
"13",0.00292996744881128,0.000466290586311525,0.504718641582334,0.411584879179372,0.06888523340941,0.0114149877937615
"14",0.0422202221433622,0.00252419942442115,0.534268901781972,0.301710447668528,0.00777038324077532,0.111505845740942
"15",0.00705759721354037,0.016760845032412,0.476830958310822,0.452050718889024,0.0236593264170642,0.0236405541371379
"16",0.0281775152140959,0.0152684011321877,0.43254520492197,0.438268198590719,0.0295039527765766,0.056236727364451
"17",0.0175638276364676,0.0275180965221767,0.445440632779784,0.360816486674715,0.0362221695038485,0.112438786883008
"18",0.00111236440110726,0.0787741819902023,0.414920361557027,0.418360230419618,0.0567744650759466,0.0300583965560988
"19",0.0193300457019937,0.00127627842625171,0.462445637455047,0.369231908083848,0.104917665390248,0.0427984649426119
"20",0.000458044445194461,0.0262159648316457,0.516847298521131,0.410221606356532,0.0153589937728555,0.0308980920726412
"21",0.00184115667117619,0.0480026665616635,0.498057371183017,0.431994137362093,0.00634881809004536,0.0137558501320048
"22",0.00730211935608129,0.00460882522943991,0.502611126265982,0.41242732858771,0.0513259141661279,0.0217246863946583
"23",0.0326565769956733,0.00301084925580947,0.47558913961596,0.409312087576309,0.0468930230814339,0.032538323474814
"24",0.00611768292173353,0.00610105978850314,0.543987696801633,0.386929717671794,0.0139377239950026,0.0429261188213345
"25",0.0403145890577297,0.044224468687114,0.533143138609835,0.313327077051564,0.0334924874453889,0.0354982391483677
"26",0.0222051510295057,0.0417604996862649,0.428052682968147,0.395430533021896,0.030678436036916,0.081872697257271
"27",0.0223587643560575,0.016051398182509,0.362932430392655,0.359410242124781,0.197378137112992,0.0418690278310062
"28",0.0452380613025967,0.0246296814410294,0.484508176093489,0.388284348499574,0.0231181420564983,0.0342215906068128
"29",0.0233436448396648,0.048541653000153,0.43537782654639,0.394536823865324,0.0979909898089786,0.000209061939489791
"30",0.020580355618447,0.0172905534344244,0.483454525938276,0.291015502373325,0.0815635997244561,0.106095462911071
"31",0.00510469720820963,0.00591382851201834,0.489007045373338,0.390479114351108,0.0355124317162018,0.0739828828391235
"32",0.0292197337747474,0.0110501538168603,0.507506245155721,0.414713751336997,0.00784513150378567,0.029664984411889
"33",0.0115391166260926,0.0307538686020371,0.515681081292899,0.407862203772138,0.0164500661083856,0.0177136635984482
"34",0.0163139057744099,0.00965591681940564,0.460382928887378,0.364941664682982,0.126938137227276,0.0217674466085482
"35",0.000298168926710839,0.022011842725341,0.480190530289585,0.378044383991294,0.0576185844971653,0.061836489569904
"36",0.055786685608067,0.0219882182770137,0.399270146902212,0.305284979672183,0.0940902363406696,0.123579733199855
"37",0.0318571656493134,0.109139200616978,0.423414058377223,0.32174899419613,0.0621220783327657,0.0517185028275891
"38",0.0274946937378374,0.0259965726910362,0.462154613559406,0.312214807480036,0.131752097183818,0.040387215347867
"39",0.00262111911679204,0.0229152939456638,0.472288414532731,0.420258652331844,0.026263925052136,0.055652595020834
"40",0.0697589950378497,0.0115692444648293,0.516774237849539,0.323048535437355,0.053257269896323,0.0255917173141042
"41",0.0133156340025051,0.0198983149320697,0.43458895611645,0.449425861711495,0.0120324448870141,0.0707387883504661
"42",0.030678921074791,0.124918879000958,0.447996997731719,0.342562337437431,0.0437734786814499,0.010069386073651
"43",0.00908287953161867,0.0254859886740491,0.467077653795528,0.4532670365779,0.0233807702883499,0.0217056711325544
"44",0.0140804871630685,0.00604779421332864,0.501751900867051,0.455776968726267,0.00388283729151636,0.0184600117387681
"45",0.00565373254539908,0.0451655225522565,0.531184402757157,0.354239655527067,0.0230836386490353,0.0406730479690853
"46",0.0210629856818814,0.00250963834459474,0.507307398925814,0.363437875663951,0.0624885875679595,0.0431935138157994
"47",0.0395153297208281,0.107188632978775,0.417917586088946,0.325300918530936,0.0711350181459442,0.0389425145345697
"48",0.0196285503727173,0.0108691566057312,0.450050699507979,0.413166339009333,0.0989693021356916,0.00731595236854743
"49",0.0103729806168393,0.039100807290212,0.462730070651321,0.427296629643611,0.0596617613298698,0.000837750468147708
"50",0.0183472586889909,0.0344847218089491,0.493228159974407,0.418297273625934,2.13997260728908e-05,0.0356211861756466
"51",0.00166157054973542,0.00439297813629581,0.540662405302796,0.444256964278781,0.000359784232588321,0.00866629749980383
"52",0.0371147593746098,0.0906657461592391,0.40571385155446,0.327306762938398,0.0385369167424636,0.100661963230829
"53",0.0372098308562928,0.00582237510822449,0.439535737755743,0.429351294778234,0.0874577908533609,0.000622970648145376
"54",0.0590249636300018,0.0208579946712626,0.400489950006461,0.314248064010876,0.0617194211092644,0.143659606572134
"55",0.0546328704632441,0.00295225655621831,0.457456040716949,0.448791214500555,0.029750398289768,0.00641721947326503
"56",0.012347992984418,0.00732513720678957,0.50924553599008,0.439929361856511,0.00973761576966556,0.021414356192535
"57",0.0221569472156029,0.048629574430733,0.45515252439926,0.407413293972793,0.0647458009892495,0.00190185899236193
"58",0.0362276506335397,0.0240035314709815,0.493025266832441,0.395105400438401,0.00338375910162165,0.0482543915230156
"59",0.0616422000879064,0.0122668394024612,0.519390477797936,0.357441425435642,0.00528360196230926,0.043975455313745
"60",0.00414031069418536,0.000249992527629418,0.533296982256407,0.451481754523188,0.00449146959774092,0.00633949040084986
"61",0.00342603067449454,0.0152215813333824,0.44292910109334,0.435941837261283,0.0376115560248209,0.0648698936126791
"62",0.0373667428495546,0.00395741940176909,0.486048588600844,0.430248818471412,0.00910802045062909,0.0332704102257912
"63",0.00212986126694556,0.00861888580238498,0.503845233357855,0.399787804718368,0.0251420638559904,0.0604761509984556
"64",0.0503926639846195,0.0157039952770897,0.53200240737255,0.363024557887652,0.0177612023100896,0.0211151731679985
"65",0.0411898304189613,0.0164548454508658,0.436873861535473,0.366962733673585,0.0816923467098921,0.0568263822112223
"66",0.0100373699018335,0.01118368733015,0.400264980616973,0.43067102407212,0.0754118104571118,0.072431127621812
"67",0.0175254464034273,0.0113522154708333,0.485496085811122,0.437099843450405,0.0272930581232431,0.0212333507409691
"68",0.0182734907076865,0.00802608953271654,0.414064707085633,0.423768225484349,0.117499092432512,0.0183683947571023
"69",0.00941835518403755,0.012754869637915,0.519592725656911,0.341404226068442,0.0397317378777356,0.0770980855749585
"70",0.0372558089161747,0.0663571243118768,0.408269808425639,0.302123851635913,0.0295013667198693,0.156492039990527
"71",0.0617569609763222,0.0181133501693386,0.426349104619009,0.365394224360395,0.0841492323507969,0.0442371275241384
"72",0.100875124328918,0.0513016316343636,0.451543145988926,0.299349004237407,0.0598751841392382,0.0370559096711465
"73",0.0132716089413268,0.0460987868744029,0.393410395913433,0.4691558721988,0.0709214326456744,0.00714190342636308
"74",0.00840278660801955,0.0179473899703614,0.50245232275413,0.463307071672046,0.00292295691416901,0.00496747208127387
"75",0.019258364346212,0.0477983314515939,0.510357189728774,0.41358148906954,0.00604665825361429,0.00295796715026557
"76",0.00369363137150766,0.00741947458555135,0.42646419147223,0.428541892979965,0.108523762540333,0.0253570470504123
"77",0.00325866940725141,0.0369374033142168,0.506844948280262,0.425897935351656,0.0131352510387681,0.0139257926078458
"78",0.00233881867344609,0.00357038298989446,0.512840284796339,0.454673920336223,0.00988049711739861,0.0166960960866981
"79",0.0370028719150231,0.0139385351689259,0.421993289449676,0.355056037560396,0.0814046831032966,0.0906045828026822
"80",0.0794367913506521,0.0522023109545745,0.439882991824404,0.38960793716362,0.0262437008368857,0.0126262678698644
"81",0.0143078051508814,0.0109348755577152,0.509250651497572,0.3935571663073,0.0718527619794645,9.6739507066628e-05
"82",0.0146233331478,0.0213460237449127,0.454724773717618,0.411880230211996,0.0461364554159279,0.0512891837617458
"83",0.000888472121536579,0.00684713304549954,0.520506854019568,0.386738957253354,0.0590846526113721,0.0259339309486695
"84",0.00409386361652745,0.00148853972771426,0.458387610311943,0.452562299514281,0.0706445966801339,0.0128230901494003
"85",0.0383031759304689,0.0126772774590265,0.460477396230045,0.454841594017511,0.0172532943205406,0.0164472620424081
"86",0.00763917460423824,0.00786908924064489,0.573738710442953,0.373766403864051,0.0345028928023341,0.00248372904577887
"87",0.0128156422806791,0.0378945861409993,0.457140528823302,0.438015286618547,0.0376840550504876,0.0164499010859854
"88",0.0300541967773192,0.00814971451007015,0.510940761479812,0.416131151646286,0.0245396229811518,0.0101845526053609
"89",0.0519086231842836,0.059168803321755,0.386192174461978,0.401781110058514,0.096834472615754,0.00411481635771551
"90",2.4749162807787e-05,0.0130075669565405,0.562608448536011,0.421201079648638,0.00031374013676398,0.00284441555923839
"91",0.00844494451452399,0.0236225163214944,0.511012765822096,0.453974871586959,0.00067719562250346,0.00226770613242344
"92",0.00758567818257827,0.00868264011123812,0.499166229999296,0.437834192711747,0.0222354381567528,0.0244958208383883
"93",0.00132979306548469,0.0412037686165732,0.434881888722404,0.474474999155296,0.0375348555658448,0.0105746948743973
"94",0.000897628256855123,0.103131691349519,0.462653868113359,0.378254159270863,0.0270455690081552,0.0280170840012492
"95",0.061980914231693,0.0283037303032244,0.449174868823287,0.414949725740962,0.0249418432065904,0.0206489176942429
"96",0.0587809539200146,0.00572457468334241,0.504777973723172,0.415834447610899,0.00125513368191548,0.0136269163806571
"97",0.00630672335661831,0.00782697557190208,0.487777867000805,0.452422602321696,0.00210430303665964,0.0435615287123187
"98",0.029468327388383,0.00442343698599787,0.43757444294772,0.419634142548521,0.062121073302829,0.0467785768265493
"99",0.0194134950423441,0.0588677408867274,0.448670338837233,0.438706827187546,0.024243083635878,0.0100985144102713
"100",0.00228683088775794,0.0157989043266182,0.487906030975597,0.389440909344923,0.088255225298064,0.0163120991670393
"101",0.105458708657993,0.0241446314412278,0.468657228852737,0.323618841941491,0.0598461727409421,0.0182744163656094
"102",0.040928742348169,0.0920973373449222,0.377963652462099,0.392895538173129,0.0265336994624459,0.0695810302092353
"103",0.00326143477760142,0.0293244971537095,0.50736623267823,0.422512350569662,0.00207197842926078,0.0354635063915357
"104",0.0306679665498183,0.0180154892872399,0.478711095597067,0.380691377343076,0.0221849028274402,0.0697291683953591
"105",0.032911766634168,0.0157357358701212,0.406053271495936,0.473090181369871,0.0381794079918015,0.0340296366381024
"106",0.0849589595653657,0.0683639360960765,0.40387223745456,0.368439751030978,0.0395683670725055,0.034796748780514
"107",0.008939836397262,0.0031803131437828,0.489663234766047,0.405890403290834,0.0838775249149493,0.00844868748712472
"108",0.0475425715321915,0.0423776814481017,0.498189438478397,0.3212127769089,0.0381601714160121,0.0525173602163978
"109",0.0545932511857289,0.0372577756463939,0.499420792666515,0.39839690225581,0.0064607213693405,0.00387055687621217
"110",0.016471670753301,0.0105632477690031,0.550264596593579,0.379277187111835,0.016604210851344,0.0268190869209386
"111",0.0151469738219745,0.00360603641223099,0.545369982971338,0.38749115594093,0.0169282205859545,0.0314576302675724
"112",0.131976981330793,0.0292909734057399,0.420655004670676,0.37049190434795,0.00235173311297947,0.0452334031318623
"113",0.035601127506235,0.032269531352711,0.490963939503615,0.404942143505416,0.0300876971887255,0.00613556094329827
"114",0.00518677028383526,0.0101869879514537,0.510791501501846,0.428113945201361,0.0169741013714921,0.0287466936900112
"115",0.0629554213986692,0.0238724292638746,0.413375284378185,0.405078516271784,0.0244500300926979,0.070268318594789
"116",0.0165662891072189,0.0398240227970378,0.597807744998846,0.30976763036754,0.00268390982903514,0.0333504029003228
"117",0.0239564041327616,0.0217398649366342,0.537084895200514,0.395220456838168,0.00663428724078826,0.0153640916511339
"118",0.00127177749827382,0.000701922714921085,0.526250841232184,0.452271995198325,0.000356906149730442,0.0191465572065661
"119",0.0429474324029397,0.0371376264707851,0.57346766383375,0.340273662262533,0.00516639333108358,0.00100722169890846
"120",0.0114380461475591,0.00622796941196931,0.45103315487338,0.286154394237236,0.149116835733896,0.0960295995959596
"121",0.0190567537189362,0.018374675656865,0.508418122144208,0.405136117416246,0.00597022800993677,0.0430441030538083
"122",0.0121095911431732,0.0180260951061205,0.509211433461886,0.430584767253622,0.00659229591701761,0.023475817118181
"123",0.104153282564784,0.0231175344820984,0.394659927288683,0.381826256508994,0.0226652531090866,0.0735777460463532
"124",0.0503858225436911,0.0598661210472481,0.426109485562504,0.397645053328637,0.0465843210694993,0.01940919644842
"125",0.00203065966473992,0.000917772530207576,0.448993447094204,0.454050174915035,0.0883675858079898,0.00564035998782344
"126",0.0803013682645214,0.0063532216378026,0.430197625071402,0.30565593230552,0.00509999526863287,0.172391857452121
"127",0.00800362265845039,0.0188656451020034,0.492757993876533,0.367497382063809,0.0564142884248895,0.0564610678743139
"128",0.0150260922153483,0.0262612094473688,0.490603765436409,0.454088484405298,0.0134915885947144,0.000528859900861816
"129",0.112441443720008,0.0251711760287377,0.394581195653429,0.358873736661662,0.101195430960076,0.00773701697608605
"130",0.072270296145943,0.0244918187626613,0.439320726296215,0.360698407639878,0.0683724476108585,0.0348463035444443
"131",0.0394127090727317,0.0524603116540503,0.454498076817771,0.349448916353211,0.0657256615427577,0.0384543245594782
"132",0.0165778520433693,0.0214182658759255,0.542286280646103,0.388606104809221,0.0248705604470951,0.00624093617828671
"133",0.00620836476088977,0.00125251778146422,0.553921710653956,0.408383191101156,0.0104849992954419,0.0197492164070919
"134",0.00970960581537114,0.16895696467816,0.26797750291042,0.344854957147311,0.189203532922576,0.019297436526161
"135",0.00718567464202597,0.0228634745453042,0.46401287952179,0.437748232661098,0.0323958989661008,0.0357938396636814
"136",0.00575819006221853,0.0132265348572297,0.521056950331389,0.344688134936037,0.0294246767694849,0.0858455130436409
"137",0.00204506493714979,0.0126030887910955,0.448587075927936,0.342178956555003,0.154612181185053,0.0399736326037631
"138",0.0352419034825463,0.00239833432337101,0.510337197735996,0.370747978533815,0.0339504699531789,0.0473241159710935
"139",0.0339845397308201,0.00596925063579273,0.475295400973917,0.427049511580652,0.0267394180821373,0.0309618789966809
"140",0.0204382381076846,0.0124503174560167,0.385233261922612,0.446626425396352,0.108483060580257,0.0267686965370781
"141",0.0294241375794028,0.0127306782998181,0.524352476087555,0.417069818507563,0.0107853984599275,0.00563749106573337
"142",0.00978105129943929,0.0108401366375841,0.510336561199792,0.382646656324015,0.0402305671245596,0.0461650274146097
"143",0.0140650633429333,0.0300778653146453,0.476292043348695,0.415134346116057,0.0531347316184531,0.011295950259217
"144",0.0186952999096212,0.0307415825525107,0.426910242232663,0.351649529447579,0.00216600756064557,0.16983733829698
"145",0.0249749166905058,0.0117572866183572,0.55492526667818,0.367415072149044,0.00298448820316744,0.0379429696607463
"146",0.0415737880159409,4.70001317533281e-05,0.483751696398784,0.423727027875045,0.0088134067254294,0.0420870808530473
"147",0.0339789936314918,0.0199555012402375,0.527005513129499,0.379161751923826,0.0331224287155114,0.00677581135943487
"148",0.056120571905334,0.00796757678579357,0.489159755054871,0.396544988905731,0.0406884247364395,0.00951868261183056
"149",0.0128821588458685,0.040293696860547,0.500285982658781,0.421338607448382,0.0127369624291898,0.0124625917572316
"150",0.0183820102058825,0.0156545655746196,0.541897765383126,0.35362493369192,0.0374961452650869,0.0329445798793644
"151",0.111250143701383,0.00884586311748005,0.247559433047736,0.395288443100774,0.0709414587743304,0.166114658258297
"152",0.056089958737883,0.0702212887657089,0.447789992074575,0.389659333607309,0.01374029051742,0.0224991362971042
"153",0.0156344803506015,0.00970848440577433,0.481823923421676,0.423355092723015,0.0690519753537747,0.000426043745158832
"154",0.0479643565976212,0.0386841935051725,0.443865753274713,0.301446196678666,0.150171565553794,0.0178679343900334
"155",0.0218623019128946,0.107084540865078,0.44928305406869,0.380976858839161,0.0393267069133387,0.00146653740083689
"156",0.053648208158445,0.00819648117929696,0.433896996705447,0.379356421976857,0.0398350134497471,0.0850668785302072
"157",0.024113358833487,0.00966068666687498,0.463248149621982,0.489485120245818,0.00261550568117749,0.0108771789506609
"158",0.0270270341779525,0.0388655297472811,0.409379479926754,0.366976099757191,0.0940195114126052,0.0637323449782163
"159",0.027995198010157,0.00757353128613582,0.532332412382797,0.406057941001141,0.0057192014610264,0.0203217158587429
"160",0.0448638102000586,0.0188774937441095,0.470348174869089,0.357490185828502,0.0734569598548218,0.0349633755034184
"161",0.00442087714336984,0.0143075748782674,0.501562044006698,0.43629297090431,0.00629410940174798,0.037122423665607
"162",0.18049454949884,0.0104290169560782,0.315415138999813,0.35093455644944,0.00895175505693757,0.133774983038891
"163",0.0712924767750388,0.0324710368699357,0.415649276332502,0.441274439415924,0.00159427385754176,0.0377184967490576
"164",0.0292741025454668,0.0373293510743414,0.514881092287452,0.40225780092934,0.00713783433884518,0.00911981882455463
"165",0.0672883911242591,0.00548769735173284,0.551483719057708,0.340206987448964,0.0195854750127252,0.0159477300046106
"166",0.00275423913501595,0.0255061190210155,0.502294043481974,0.372276681760676,0.0175625253839733,0.0796063912173453
"167",0.0238936921917727,0.0398231949195096,0.431351297041394,0.397029690269184,0.0812246038189066,0.0266775217592327
"168",0.0176873463238513,0.0132200134470445,0.492214029954563,0.397002062046817,0.0446378921766493,0.0352386560510751
"169",0.00223565973829633,0.0144800339694357,0.4512853831127,0.376228325354162,0.0768734643356856,0.0788971334897203
"170",0.000664109587129207,0.0329819329784124,0.433165470755669,0.525842954761657,0.000138450652344225,0.00720708126478839
"171",0.0115475434982812,0.00621530890347433,0.460408378232007,0.409677891367745,0.0931880693600297,0.0189628086384633
"172",0.00505403286218726,0.0310771205759038,0.430121226136957,0.454202484303897,0.0574176947957257,0.0221274413253291
"173",0.00760010787995154,0.0695149659381497,0.488495034312692,0.386505150214628,0.0349162540462056,0.0129684876083732
"174",0.00352375944293266,0.0568364892158997,0.487532338414032,0.369061011686541,0.00334865454490812,0.0796977466956863
"175",0.00634193295056357,0.00743722242159885,0.520985824402533,0.428153579368129,0.0370639617392606,1.74791179143929e-05
"176",0.00731461548365524,0.0193273217406754,0.511387835291534,0.438563487009954,0.00531157596505077,0.0180951645091303
"177",0.0276342439794036,0.0146304631128868,0.51418034994301,0.405926247305942,0.0135827621890303,0.0240459334697268
"178",0.0374874592240249,0.0163644195173065,0.478109814936349,0.367884479147288,0.0619378902950894,0.038215936879942
"179",0.0125014002900711,0.000752934509797986,0.542291947579342,0.423428318182104,0.00407061845090243,0.0169547809877823
"180",0.0119127044787615,0.0187589709198363,0.426111734142297,0.392133582043838,0.0783403284510176,0.0727426799642497
"181",0.0123654302596345,0.0849683621536522,0.487022712646894,0.384387908224532,0.00777846672123629,0.0234771199940513
"182",0.000900966328505048,0.0302622161882635,0.512086830522731,0.402313713130238,0.0347731360448297,0.0196631377854328
"183",0.00111230155990869,0.00419927181097927,0.440684870271252,0.369786774333875,0.061293101709592,0.122923680314393
"184",0.00247011129701089,0.0244556125112065,0.369023617294658,0.344049477939629,0.10032258701703,0.159678593940465
"185",0.0640374520553943,0.0198855036534455,0.482758291639511,0.378146225478206,0.0174672661452792,0.0377052610281643
"186",0.0321905515289681,0.0127790643826598,0.3639172691337,0.516975953403939,0.0684964536209299,0.00564070792980261
"187",0.002445926831003,0.00794049528327776,0.542402773168746,0.409570954108259,0.0263768489452806,0.0112630016634339
"188",0.0310281255358932,0.0138615323372426,0.567480641375892,0.380529898966374,0.00344396952230708,0.0036558322622915
"189",0.000719828583776001,0.0229214293472798,0.521147229207531,0.371461721634095,0.0137442432418347,0.0700055479854831
"190",0.0382814315585409,0.0205719970621719,0.257914879931111,0.419793941404745,0.229892930369387,0.0335448196740443
"191",0.110604096834853,0.0115874674233212,0.378911122780009,0.445844029445924,0.0316802646182892,0.0213730188976034
"192",0.00961196614679203,0.0321060398208541,0.498319409754315,0.25034788586112,0.157297886861479,0.0523168115554394
"193",0.0503734613320209,0.0131483714697331,0.42556275695251,0.359398322049327,0.13457578674409,0.0169413014523189
"194",0.0582701527253944,0.0313127981869869,0.330805370611291,0.351953164240644,0.106965004851273,0.120693509384411
"195",0.120434214090993,0.0468194721532821,0.442181918751591,0.334110268200191,0.0193989309643823,0.0370551958395608
"196",0.0283063530448726,0.0141889889875836,0.502101331578844,0.357689026906416,0.0156894165752358,0.0820248829070473
"197",0.056491000738637,0.011579895495907,0.457006888477147,0.392194184596362,0.0186009955209904,0.0641270351709564
"198",0.0185048208115495,0.0093801640280915,0.554516558626281,0.398430019359407,0.0179318638384059,0.00123657333626438
"199",0.0853667941593004,0.0364888540345846,0.364728626921047,0.345375899036962,0.0971794630299209,0.0708603628181843
"200",0.00283893402801579,0.0308997650818851,0.48243441446883,0.389458401909752,0.0800789702232561,0.0142895142882612
"201",0.0238956923581524,0.00361061110713099,0.477593335123773,0.349943987679934,0.00540199491730862,0.139554378813701
"202",0.000316622250505443,0.0394873108065451,0.493710078060664,0.445910782128396,0.0129511153537489,0.00762409140014109
"203",0.0114692257638863,0.040893445574927,0.518458644078702,0.36985596020104,0.0173614281951894,0.0419612961862556
"204",0.0622967010344785,0.00480559111880566,0.328036606274552,0.459428649591788,0.135152149826135,0.0102803021542408
"205",0.0180405116227799,0.0271329810393705,0.410808797865662,0.394482269625846,0.058193201503782,0.091342238342559
"206",0.0520232374323801,0.0200299570886072,0.429495623673807,0.323520897900859,0.0515627164167247,0.123367567487622
"207",0.02599457790297,0.016869316883156,0.382353022702388,0.330331501935589,0.205425261173545,0.0390263194023529
"208",0.0607622561226784,0.00399015935848171,0.413307215359862,0.444644466534612,0.0762749222675083,0.00102098035685759
"209",0.0280543657214993,0.0130970236760175,0.466336701310805,0.422121670603762,0.0335492590848655,0.036840979603051
"210",0.0462948065597517,0.000124954119255402,0.501216416914483,0.400654283199395,0.0213425691886189,0.0303669700184959
"211",0.0446728785515754,0.0825721126032857,0.472685631844383,0.367677706726355,0.0177267050948615,0.0146649651795392
"212",0.0797889246031869,0.00945274872865258,0.491161694227264,0.365226694241544,1.4874624993525e-05,0.0543550635743585
"213",0.00519742101807519,0.00703458516423263,0.553831064660089,0.375783875825052,0.0334097795055406,0.0247432738270104
"214",0.0222817168126179,0.0312207881184817,0.498302829886319,0.36790323484344,0.0283852587413524,0.0519061715977887
"215",0.00267765646903776,0.0125692810685349,0.377845673923958,0.492820889800338,0.113337987821627,0.000748510916503645
"216",0.00504433720339029,0.00567856435004744,0.532598134704416,0.423935684166705,0.0086384369919542,0.0241048425834869
"217",0.0139671734000839,0.0275031075012816,0.476509046648532,0.400198725339352,0.0517471240096966,0.0300748231010538
"218",0.0373882389370398,0.0194752327860558,0.437085347981399,0.470835614112224,0.021892045165065,0.0133235210182166
"219",0.0245013381569134,0.072653289177304,0.496845243468662,0.383717819317251,0.0182604980955685,0.00402181178430052
"220",0.00383662531870764,0.0205940703945797,0.490466243003053,0.463024046674492,0.00729618992552746,0.0147828246836406
"221",0.00166178370081759,0.00891715394156535,0.421190317410677,0.522454723620035,0.0299389771118258,0.0158370442150788
"222",0.00535773786560928,0.0513490503385911,0.472147643842122,0.438996383665076,0.0213658778567974,0.0107833064318043
"223",0.00468894670668416,0.0543689531985643,0.556345578258727,0.339418221768406,0.0284301188330776,0.0167481812345411
"224",0.00167261298890805,0.0162793044262418,0.514151498886019,0.451482122214036,0.0062598085005386,0.0101546529842563
"225",0.0451896626433046,0.044813448820505,0.460970966135567,0.389289692324494,0.0462493997564331,0.0134868303196965
"226",0.0195015785977009,0.0906944857821181,0.498023355060997,0.37277399818303,0.017142576253541,0.00186400612261328
"227",0.0144726913573419,0.0127203078554888,0.490397525099474,0.396272332224376,0.0177753722542453,0.0683617712090746
"228",0.0424704361954443,0.0187707617558996,0.516622523987637,0.319199102509295,0.00978345507449108,0.0931537204772337
"229",0.024183113982483,0.0576321977612694,0.479054082182074,0.382374701857182,0.0257004692184347,0.0310554349985573
"230",0.0498922203234939,0.00163959775212096,0.418102105732492,0.372862510311715,0.00710613467931755,0.150397431200861
"231",0.0174786250057718,0.0430561198007862,0.488303141775909,0.358086857921666,0.0475975086439662,0.0454777468519002
"232",0.107908704126949,0.0314954158862897,0.442504592119103,0.33870365880275,0.0738689080666717,0.00551872099823726
"233",0.0338738623279177,0.0490688962337946,0.463453353646979,0.425402019886913,0.015009278515362,0.0131925893890341
"234",0.0333584735436828,0.00455919847553602,0.542597159135905,0.405647449533481,0.000861698336543966,0.0129760209748511
"235",0.0163642255682998,0.00208565257690868,0.524601472817254,0.442490768236793,0.00959252400388141,0.00486535679686393
"236",0.0991462501950575,0.0145813126178187,0.462048962183339,0.389877335864698,0.0272756733447604,0.00707046579432653
"237",0.0131948772003899,0.0499731825550696,0.452948692446148,0.460326332660126,0.00499115021549826,0.018565764922768
"238",0.00666019493779618,0.00113213800708842,0.525110295126867,0.418707139995187,0.0129913110071586,0.0353989209259036
"239",0.0357946356002132,0.00121072808449133,0.561008315521506,0.365684244250783,0.00634601534426573,0.0299560611987409
"240",0.0202510989462517,0.00222308302658697,0.451921903195375,0.478435032687661,0.0352876883258665,0.0118811938182582
"241",0.016901096901602,0.0487593180195327,0.452581067874643,0.439970643891259,0.0342390882970995,0.00754878501586426
"242",0.0282437586727456,0.0393067799486697,0.443114621362997,0.421740145207125,0.0593759718637366,0.00821872294472541
"243",0.00533485779477965,0.020879710061846,0.596042423293367,0.326971041863165,0.00791670731264849,0.0428552596741935
"244",0.0149404168776761,0.0182102967564554,0.54145551698752,0.31806345739314,0.0168817336339789,0.0904485783512302
"245",0.0332065064796645,0.0135195877758791,0.498385308032061,0.409667126420024,0.0290215275601821,0.0161999437321893
"246",0.0613307149962929,0.00211535494180333,0.356485648582986,0.37416342933011,0.190642162573474,0.0152626895753329
"247",0.029898124424768,0.00792822004312374,0.486642307282164,0.431056217761107,0.0254601607949567,0.0190149696938807
"248",0.107423330600651,0.0138444932805145,0.248531377547862,0.364250054071933,0.218000485247784,0.0479502592512548
"249",0.0189247426206026,0.0377494180175221,0.417996451037068,0.439973491458542,0.0557461452772452,0.02960975158902
"250",0.0472098622926294,0.0275102196119838,0.174267153733271,0.211551068522116,0.307474616858647,0.231987078981353
"251",0.082942686309053,0.0464356767217544,0.382846666011773,0.393924808914298,0.0246894250337912,0.069160737009331
"252",0.00617393011459157,0.0145156286940822,0.502559499954243,0.457358076889891,0.0100850300309807,0.00930783431621245
"253",0.0218854905870844,0.0151854726636026,0.458490136243288,0.431439284928394,0.0493304975016939,0.0236691180759376
"254",0.0205659067936236,0.0261317275366309,0.429272017957954,0.359398113338382,0.0384335154452806,0.12619871892813
"255",0.0159508702751478,0.00928132634662766,0.498199963885686,0.427268573573053,0.023190495106408,0.0261087708130772
"256",0.0154626878429837,0.0131069688463917,0.466207036656199,0.35635918745946,0.0779879147887028,0.0708762044062628
"257",0.0237747176988596,0.00961004435392391,0.585492218060145,0.369852123020773,0.00183736484756624,0.00943353201873236
"258",0.0153853468008865,0.0444280056159766,0.428923144581616,0.479387133310093,0.0173453811728563,0.0145309885185715
"259",0.0179254391237379,0.0715186716743367,0.458187427856765,0.387385669821988,0.0526392359462082,0.0123435555769643
"260",0.0183446138752632,0.00657743711061735,0.51952743548729,0.416104539227071,0.0323763112724881,0.00706966302727057
"261",0.0211940781593315,0.00852349969552939,0.50066242122349,0.392844452523781,0.00595410010625922,0.0708214482916089
"262",0.00584802673852064,0.0411656566228542,0.47289422058137,0.46116037030643,0.0184922776614046,0.000439448089420365
"263",0.085700993905325,0.0308545720368368,0.353954720838784,0.351077879395029,0.0952191292781569,0.0831927045458688
"264",0.022992807238496,0.0635490503205867,0.480311718041843,0.378570813706463,0.02643530842631,0.0281403022663009
"265",0.0570120653513742,0.00217637858916132,0.440119375350069,0.395467453644161,0.0262892288237549,0.0789354982414804
"266",0.0345605016793043,0.0194442216242431,0.492603078870666,0.386766039820712,0.0382854523460345,0.0283407056590403
"267",0.0270827028959471,0.0204223593439936,0.502076498284375,0.3434553024603,0.0233182108446324,0.0836449261707518
"268",0.0681275909027183,0.0530818898132427,0.469257974375831,0.39945216866295,0.00222043165874363,0.00785994458651427
"269",0.0544584621328224,0.0630711530029114,0.459529145894708,0.323514456134479,0.00478288300109649,0.0946438998339828
"270",0.0117686019948183,0.00647782793144288,0.451728349099751,0.370404594424529,0.0891743254217699,0.0704463011276898
"271",0.0313471274285473,0.00279592541068083,0.482387001411643,0.441796465593252,0.0270078084205707,0.0146656717353063
"272",0.038939094813289,0.00382708905638331,0.465338104967151,0.461435806928081,0.0223503353309024,0.00810956890419331
"273",0.00936699998022254,0.0128322744624658,0.503199877675197,0.415484364274191,0.0574223941717091,0.00169408943621439
"274",0.0102939691653754,0.00558330201205105,0.528369068066227,0.378382572479169,0.0169547067441663,0.0604163815330112
"275",0.000134223687994992,0.00338211452039351,0.481070798293384,0.390532354330247,0.0131476278751943,0.111732881292786
"276",0.00633673867235754,0.0377551510925902,0.463740987029067,0.462257775272927,0.0193419456607974,0.0105674022722602
"277",0.0119524445153373,0.0183313494149256,0.494986792983434,0.395873310628754,0.0494227866728487,0.0294333157847
"278",0.0212426285328895,0.0320406832444894,0.518186105048602,0.350286048076514,0.0349251505397027,0.0433193845578026
"279",0.0205944687796886,0.0101854638046649,0.489489782306309,0.437306080986802,0.0399009373613845,0.00252326676115055
"280",0.0348393199805543,0.0505434370585537,0.442688406837108,0.432597442194217,0.0252577563406696,0.0140736375888972
"281",0.000916934234915367,0.00186612996237875,0.490830185803219,0.475154407760578,0.0212076568650488,0.0100246853738605
"282",0.0697028014844434,0.0280798141675757,0.426348521477747,0.442981571718166,0.0306784671042067,0.00220882404786128
"283",0.00786420243410157,0.0334808436999212,0.503958335931155,0.417567309985692,0.0345600337752218,0.00256927417390887
"284",0.028598010669685,0.0554615897072637,0.492010199997943,0.377330961875986,0.0312111963112559,0.0153880414378666
"285",0.0385793473147346,0.0110627133708865,0.476826114015915,0.43698223528666,0.020545941183844,0.0160036488279596
"286",0.00634584588196618,0.0154558048522081,0.515195657125597,0.442002845569477,0.00926999501392922,0.011729851556822
"287",0.0390093769714472,0.0273035119070937,0.402749414585296,0.427579492379404,0.0626857336753778,0.0406724704813817
"288",0.00643424714979598,0.0370577010312846,0.485087226699777,0.38993673293872,0.0228715527602207,0.0586125394202015
"289",0.00869170990764048,0.0412007802631701,0.480906217715933,0.380277916867818,0.0763854990224586,0.0125378762229802
"290",0.01497198190534,0.0103996419934688,0.520537866648376,0.386984854971535,0.0308210596070563,0.0362845948742231
"291",0.0317879553488413,0.0437807341694008,0.530448668736869,0.388536034337391,0.00465263259205461,0.00079397481544367
"292",0.0156296070658814,0.0869114136491942,0.392839084300445,0.44301558762349,0.0153094254216062,0.0462948819393832
"293",0.0038161437230414,0.0779218912461793,0.402451770892692,0.44019751438018,0.0317906074095952,0.043822072348312
"294",0.0238804438049457,0.0374437741148559,0.460277595782857,0.452893615008919,0.00499937797937985,0.0205051933090425
"295",0.0585321128126422,0.0355158208974566,0.431862055903066,0.29179732710395,0.124425867510088,0.0578668157727978
"296",6.68381516339872e-05,0.0475313073263789,0.474496733239726,0.455468483104681,0.0213476711456943,0.00108896703188595
"297",0.001908920150631,0.0221679290567215,0.517836300040706,0.357579394286397,0.0427776411406003,0.0577298153249447
"298",0.010347093924104,0.0667456586183706,0.41270461174191,0.317002553528984,0.0185190878766522,0.17468099430998
"299",0.00311402919170201,0.00332090086761902,0.551600746016968,0.356050879546449,0.08172987031734,0.00418357405992264
"300",0.117264855886745,0.0295878330722441,0.466404324147891,0.363086372067962,0.019361281470666,0.00429533335449328
"301",0.00302855809649053,0.00838106367797901,0.471855732006856,0.397318480741113,0.0133980398249061,0.106018125652656
"302",0.0550937856207153,0.0142205037752087,0.480959547591257,0.390820793888795,0.0305971752374534,0.0283081938865703
"303",0.179816989216127,0.00208044707901397,0.207985842165686,0.39661041766371,0.185032549733861,0.0284737541416017
"304",0.0636838170684762,0.0247230380758198,0.347100579073745,0.491118528693473,0.00343520926679691,0.0699388278216888
"305",0.0409988894416912,0.00829560757872562,0.354685859478864,0.41558253843021,0.178986880259585,0.00145022481092428
"306",0.00105378853100108,0.00544116696763231,0.518780619994811,0.436377726928073,0.0252926288054511,0.0130540687730321
"307",0.00590786852601914,0.0782680174516778,0.410558937708126,0.404241572567625,0.0682763312738709,0.0327472724726804
"308",0.0429285899625829,0.00521418803282112,0.488147607780451,0.426959911649802,0.0285262703728617,0.0082234322014814
"309",0.0424123497661106,0.124512736597323,0.476167522527918,0.306234550430341,0.0437513729212815,0.00692146775702547
"310",0.0153699779349881,0.0230997402423822,0.431025719043816,0.45309064791921,0.0751300373439108,0.0022838775156931
"311",0.0970995059220009,0.0447554829130473,0.376147857060814,0.465643201238672,0.0139662658023807,0.00238768706308521
"312",0.0389917999386163,0.0177695393687206,0.498701996884535,0.417340330589041,0.0193414519770755,0.00785488124201166
"313",0.0118049887066594,0.00414903575665019,0.485506306328551,0.456178786269871,0.0141765406772468,0.0281843422610221
"314",0.00103214033217318,0.0318769967115347,0.479703187413063,0.478992479032289,0.00455147377353705,0.00384372273740309
"315",0.0446603332335328,0.0668975742837737,0.415124915878864,0.448714249227937,0.00459845475281144,0.0200044726230816
"316",0.0202221812500112,0.0091592142278487,0.49950318087053,0.425508661804518,0.0378202012360292,0.00778656061106341
"317",0.0388022098063424,0.0308782849427141,0.473794696011312,0.4319729542009,0.00716208306814893,0.0173897719705825
"318",0.0459912508602482,0.0187437287214041,0.476678714050176,0.398642385002511,0.0458667184295171,0.014077202936144
"319",0.0561070675989744,0.0032788458349829,0.471763027390954,0.419581535781083,0.00665099323722845,0.0426185301567767
"320",0.0708588839241379,0.00957905316878759,0.403831987671097,0.387560555746151,0.118205538616321,0.00996398087350542
"321",0.0476788378138789,0.0265455483687857,0.490275348520878,0.400552858407253,0.0129007833499532,0.0220466235392509
"322",0.0082001108361286,0.0394925558641981,0.4684061271673,0.465844467749249,0.0121220203870617,0.00593471799606235
"323",0.0649456255170453,0.00191995148930004,0.430429922106289,0.400526388985832,0.05609619029375,0.0460819216077838
"324",0.00599248647891252,0.00163662073613402,0.475979432885353,0.435434387813755,0.0412370750132853,0.03971999707256
"325",0.0372812928965358,0.0186530089067074,0.497767472204941,0.437528348006446,0.00605860991593044,0.00271126806943916
"326",0.0158687652175828,0.00805201477142379,0.397927970431644,0.298279973590838,0.248674973863781,0.0311963021247316
"327",0.0568418346485429,0.013163790484252,0.311990287979227,0.256887433606446,0.168641197356697,0.192475455924835
"328",0.026701702753569,0.00890378717123397,0.467444141364512,0.45889567791236,0.0214550826239726,0.0165996081743522
"329",0.00512270408062885,0.00894662530098817,0.507834397550755,0.475695036589263,0.000684799081091274,0.00171643739727367
"330",0.0301176997834267,0.0636787721544599,0.445329209661366,0.389073923485808,0.0435924815529389,0.028207913362001
"331",0.00483237817380574,0.0118891306678551,0.44740477242092,0.506238312776928,0.00982316508687936,0.0198122408736119
"332",0.0249996673883513,0.0359413089154788,0.457020881292089,0.331520286676729,0.0753008687715856,0.0752169869557657
"333",0.0301158282754977,0.00681623212296308,0.560135080769173,0.382235811648499,0.00813586327163979,0.0125611839122272
"334",0.0199459184702633,0.00941962267974897,0.455472068519201,0.435959560851037,0.0642127139094665,0.0149901155702827
"335",0.0603706969778656,0.0063555332228587,0.446254427503163,0.444381726677817,0.0361620449983812,0.0064755706199145
"336",0.0272401052438071,0.0403524037611842,0.501659433197847,0.400949333441276,0.000617321847869401,0.029181402508016
