"","V1","V2","V3","V4","V5","V6"
"1",0.283821954025725,0.0386927825483311,0.0730729009472837,0.0531597257110426,0.183401352556582,0.367851284211036
"2",0.0288009800764484,0.146587642997975,0.291215710719043,0.267604028363649,0.0447073222502029,0.221084315592682
"3",0.144823920297069,0.0710215964952693,0.524367137854705,0.162995695504512,0.0569331733229517,0.0398584765254925
"4",0.0147875173384607,0.0696582803832975,0.345229030279921,0.15248836972485,0.101269500067642,0.31656730220583
"5",0.069863943542118,0.109026689704385,0.410379277887767,0.11698507619041,0.0557559945801827,0.237989018095137
"6",0.0206401447457288,0.183127904613662,0.414653444191728,0.30615772688148,0.0314420678150767,0.0439787117523256
"7",0.0441697685310003,0.0154376923204237,0.170777332751611,0.231450640999857,0.157603855230845,0.380560710166264
"8",0.135713070203988,0.224640957618922,0.130906933974181,0.107293243179752,0.159110163224474,0.242335631798683
"9",0.228991777701551,0.103907557560778,0.198044449438947,0.0545635096703508,0.0804301411651131,0.33406256446326
"10",0.0823652472927938,0.0348394211964616,0.2227629214102,0.259397583005,0.399282446565789,0.00135238052975542
"11",0.173397720814195,0.0130813902030056,0.388438051957631,0.143731306199352,0.157240805160111,0.124110725665705
"12",0.0502746578098061,0.0768455308612688,0.27486569158954,0.0802722984910725,0.216571170514454,0.301170650733858
"13",0.418016849066481,0.124236904738201,0.276243783203028,0.0584457954051606,0.00195815175515823,0.121098515831971
"14",0.354878466785189,0.0395942216065647,0.254102558940378,0.205081299194328,0.0949485688585383,0.0513948846150009
"15",0.271744449072969,0.254028726504619,0.0238815499850815,0.130508509670982,0.319051164149969,0.000785600616378591
"16",0.0965265034421734,0.0459317318407841,0.307451885456209,0.0523904232314249,0.131376477584199,0.366322978445209
"17",0.37679929550274,0.0451849229149726,0.201715874079949,0.0464249660296344,0.13413998407474,0.195734957397964
"18",0.0537776690903737,0.0238106205684844,0.144670761955311,0.246749825093214,0.419628765148503,0.111362358144114
"19",0.0393349620158448,0.15858462273649,0.361969079053989,0.152385806464776,0.103989436015645,0.183736093713255
"20",0.0838070803435872,0.210636651301978,0.215944323626321,0.0807375036129233,0.150919965042082,0.257954476073108
"21",0.144990987486427,0.200132535684866,0.156598005993734,0.127929626433099,0.10675805596759,0.263590788434284
"22",0.124483620205373,0.285649414944177,0.110877550861955,0.0178174068248532,0.143925031627572,0.317246975536069
"23",0.0827578347314154,0.410829030382184,0.0672366858486894,0.229561436673078,0.100553441187844,0.109061571176789
"24",0.0862908005516694,0.0833028183729551,0.388921653609224,0.351878595543784,0.0763194318304305,0.013286700091937
"25",0.174544984789181,0.00022905024089686,0.0728792937589394,0.166357692624236,0.421553826788895,0.164435151797851
"26",0.134006511295043,0.0390559084601644,0.388764386644677,0.188893476086639,0.107847134775881,0.141432582737595
"27",0.0908625542746286,0.0814403392850189,0.228812403132922,0.0773734256832012,0.47138159700915,0.0501296806150784
"28",0.00600934761115608,0.0298313479566853,0.433647355186348,0.359600626435096,0.0904476664756966,0.0804636563350178
"29",0.15295768034477,0.0432414733440867,0.206870659536987,0.261908319350808,0.326061111766976,0.00896075565637221
"30",0.00355852309271718,0.0681226461781066,0.428059436673564,0.2384357048803,0.0181649379090059,0.243658751266306
"31",0.0038732589312206,0.106210606155435,0.3805808091102,0.202673607900895,0.27382000955339,0.0328417083488592
"32",0.0377389344974214,0.316172009051226,0.26990249731215,0.0727830368565169,0.174648339444263,0.128755182838423
"33",0.0277501805842957,0.229411182628265,0.313905154125107,0.287354917030989,0.103680245740568,0.0378983198907756
"34",0.00902858508630734,0.0914320766933284,0.323285904016495,0.16996065792672,0.327002773355808,0.0792900029213412
"35",0.157375139020426,0.049031410762086,0.269301814375515,0.150748274745792,0.137602834121814,0.235940526974367
"36",0.0344310541078956,0.196674307948026,0.204616780364308,0.165613995375099,0.110356934033762,0.288306928170909
"37",0.000861352536940435,0.0564251707254071,0.394258459681745,0.280272221390057,0.193807302020224,0.0743754936456257
"38",0.0257545113898379,0.0346780614983301,0.155921522546179,0.0959493951292853,0.369797896090337,0.31789861334603
"39",0.0635786202664374,0.0773295673315024,0.222514664958693,0.0380429131181478,0.10436570848536,0.49416852583986
"40",0.0115811119314748,0.027282337919053,0.362918092206839,0.0771723812298076,0.0288579649333413,0.492188111779484
"41",0.529842017124317,0.0256953259811038,0.0415582328915739,0.17342911794735,0.214234805413096,0.0152405006425598
"42",0.0384980697060627,0.121885567336899,0.328790610114041,0.224331679733465,0.224475542684101,0.0620185304254324
"43",0.0301899695444038,0.0429741783732867,0.298638582867836,0.32550609390744,0.270498433681385,0.0321927416256475
"44",0.451621385433299,0.107875978591263,0.162169322669241,0.145737882544317,0.103690442739554,0.028904988022326
"45",0.0771492126053444,0.0387064486453329,0.323685235546979,0.26641381292332,0.248506126070999,0.045539164208025
"46",0.177734562337366,0.0594210063139138,0.3537529262219,0.171181705556792,0.0145607412070946,0.223349058362933
"47",0.359657340509549,0.281374589838887,0.0355795261812324,0.00176198244818447,0.162541649282653,0.159084911739494
"48",0.140643431499638,0.0466712753329802,0.38949512090709,0.332943342500239,0.0709572941599323,0.0192895356001205
"49",0.0164138148251348,0.117023170611359,0.271937106419361,0.261950996456471,0.140079810103993,0.19259510158368
"50",0.0290894826676047,0.0515944123295531,0.342157151830366,0.397910631430408,0.102586773559337,0.0766615481827314
"51",0.12083093978553,0.168862473358786,0.333780429967028,0.238787359248701,0.0568993104193397,0.0808394872206144
"52",0.149767908020901,0.0267858964600333,0.272934857912114,0.0908812651351166,0.298301214511375,0.16132885796046
"53",0.0166545368290742,0.0187019520795438,0.415871993439235,0.327396133637779,0.0190327099093042,0.202342674105064
"54",0.325914453981189,0.00832474805160478,0.347567092359497,0.144268006286745,0.126835228415818,0.0470904709051467
"55",0.0903420719871055,0.000303740926039359,0.388873043128606,0.260782415171604,0.0076541253704458,0.252044603416199
"56",0.151147499282553,0.172147611550066,0.334824210053258,0.197252018861482,0.0654382198130057,0.0791904404396355
"57",0.151469330034464,0.174862505889764,0.0891502843750663,0.202327108062219,0.340943247418664,0.0412475242198216
"58",0.0258097895771702,0.1426420496314,0.336053767121047,0.286339326818329,0.158320427088507,0.0508346397635475
"59",0.417257624339595,0.0398164411768696,0.105647046580264,0.0670226994816814,0.0736333249786389,0.296622863442951
"60",0.210424899200494,0.106975063790339,0.228603476170375,0.19085844736187,0.159229836502943,0.103908276973979
"61",0.00248994865524229,0.0411001307738488,0.0405490890081827,0.0988123663947778,0.399100859811636,0.417947605356312
"62",0.0106893971750227,0.119590148794325,0.263705021340229,0.224787920899076,0.356249001786857,0.0249785100044896
"63",0.0271805099125574,0.169742914924123,0.349922110911853,0.289323452990718,0.0817632287359688,0.0820677825247793
"64",0.000611602755300558,0.229102191781493,0.11698807099987,0.0240993650113771,0.240893213617569,0.38830555583439
"65",0.143070468731445,0.127167133659747,0.278067263960958,0.221377016684902,0.00790778058942121,0.222410336373527
"66",0.0914012328774281,0.127812682126726,0.118839030472117,0.0456351366974649,0.0784399791229389,0.537871938703325
"67",0.0878286488241324,0.0708494142617897,0.0433866268840008,0.143052002446169,0.511920008425372,0.142963299158536
"68",0.458470093883061,0.117468815232795,0.0732008363991414,0.0577489261569481,0.0313069054006216,0.261804422927433
"69",0.337333062732938,0.170894045091027,0.170518873588651,0.111387950100981,0.122382864705737,0.0874832037806648
"70",0.114452207449209,0.104820801413576,0.46894389965276,0.15574732562888,0.0288301550075003,0.127205610848075
"71",0.180084994117316,0.0453246967589607,0.253341189550782,0.226880900686278,0.104240522216089,0.190127696670574
"72",0.117448156685165,0.183445223465476,0.184218360824868,0.280008726387327,0.227686969888219,0.00719256274894485
"73",0.203107074800193,0.0866030531438822,0.274909364953189,0.201982401359175,0.154249062337822,0.0791490434057392
"74",0.281465201508107,0.0401409515076768,0.206272486243086,0.199113383746554,0.182464047073678,0.0905439299208987
"75",0.0912279108868108,0.329024899112795,0.0838391550440651,0.301546878581066,0.178730339366646,0.0156308170086178
"76",0.327723598063005,0.0123806442067915,0.085061514543097,0.239131929252992,0.0492687632001974,0.286433550733917
"77",0.176533250304017,0.0221190951008183,0.274378692747703,0.0555599909211048,0.0670179153342233,0.404391055592134
"78",0.0269824677369716,0.233626152283439,0.278515610358937,0.350664792174245,0.0852679068439263,0.0249430706024806
"79",0.383464465873255,0.00179321397182155,0.30578237961501,0.216682583321508,0.0557792879775813,0.036498069240824
"80",0.0614549684900666,0.0436787091104976,0.271068959288589,0.148337879005366,0.168124610375045,0.307334873730437
"81",0.0154577502385226,0.155971566142675,0.224430729423658,0.165177545401787,0.0187294323051393,0.420232976488218
"82",0.0190667044686351,0.193431985157437,0.0937123466311112,0.242028110590849,0.369693064813543,0.0820677883384252
"83",0.0938913230801766,0.225315035417666,0.192049774852839,0.211123430838773,0.240329243647573,0.0372911921629729
"84",0.0548657266716588,0.0961932725605435,0.448791473266932,0.34206330719702,0.0517204984190873,0.00636572188475861
"85",0.290639752079297,0.00482387325088238,0.279357225700273,0.0728090720490628,0.108076699100103,0.244293377820381
"86",0.011693926233648,0.271797339910669,0.0265427069085716,0.228480128693853,0.461084587435661,0.000401310817597226
"87",0.0417375559802082,0.0633194513901697,0.238426646226036,0.231184784767477,0.361805661811435,0.0635258998246739
"88",0.0895091105095498,0.239601314974178,0.159703439419919,0.0715467072454195,0.088886239387681,0.350753188463253
"89",0.1065069772308,0.252585772249136,0.162059003539993,0.057476063691913,0.289103913121426,0.132268270166733
"90",0.0971751739304614,0.0286388907049421,0.409282054215726,0.194455816268853,0.0247550659986273,0.245692998881391
"91",0.112247134133272,0.0429223656934668,0.287827640954641,0.315365847410896,0.166616198302883,0.0750208135048403
"92",0.291789837799547,0.0130080386784645,0.419432330822911,0.192618614741015,0.044938782993413,0.0382123949646491
"93",0.0970069579632035,0.216533350512919,0.17337098624902,0.0854697590022193,0.190318672913087,0.237300273359552
"94",0.104441450450068,0.103977323046403,0.222998543745906,0.201116521642433,0.0382995619534372,0.329166599161754
"95",0.0149633169626685,0.0686025369722076,0.242078839329293,0.237744926232233,0.398385855589293,0.038224524914305
"96",0.135736253933212,0.0200471445745622,0.122671845840094,0.0295260187898215,0.379139670187075,0.312879066675236
"97",0.117434898068428,0.0107611842630576,0.314730415607407,0.167726904313383,0.3085979665251,0.0807486312226248
"98",0.238812312778072,0.161754102596472,0.230562520499525,0.237837817198928,0.0323078349534285,0.0987254119735754
"99",0.194538298682056,0.314355012980292,0.117478175708991,0.177727473872848,0.0577857211822804,0.138115317573533
"100",0.0838965143612518,0.278540599235895,0.38083906248408,0.0163469290710488,0.0831271059295381,0.157249788918186
"101",0.0791349870522807,0.13827364073643,0.216265738237493,0.26115131979702,0.195468270155869,0.109706044020908
"102",0.222392331210057,0.191239207379412,0.23479621242904,0.06263016669605,0.0854414416439903,0.203500640641451
"103",0.00877250131666587,0.351268508566445,0.37392286183468,0.230239766289277,0.0050050693241395,0.0307912926687922
"104",0.0854663397760875,0.228919242858111,0.20888068002526,0.328719816066482,0.105891175587755,0.0421227456863045
"105",0.0882998773191585,0.0562745137177506,0.46046291296595,0.1468388415903,0.098856746068307,0.149267108338533
"106",0.0840336963255279,0.0515738880287694,0.308014774498935,0.097550015208417,0.22302082011419,0.23580680582416
"107",0.0479111945657926,0.00906308452855011,0.483520452480008,0.289565963112487,0.143557575882295,0.0263817294308664
"108",0.0600826063968106,0.0241917759736036,0.22767938120648,0.284876418714134,0.352625334196634,0.0505444835123373
"109",0.200551441987388,0.18309270394157,0.0486129523454177,0.164010481706456,0.289406599808847,0.114325820210322
"110",0.147122359206843,0.153783693351449,0.318877450650819,0.172840601204082,0.0300906923524439,0.177285203234363
"111",0.00670383721442932,0.0110344526211662,0.487768776013254,0.30551791107622,0.120221424769857,0.0687535983050733
"112",0.424098775856022,0.0637225890946736,0.17204865964438,0.204892666193127,0.113720742486429,0.0215165667253689
"113",0.125127589077117,0.095787665874081,0.336827562050192,0.221910037198969,0.158480843519817,0.0618663022798241
"114",0.0347404887681436,0.168594216828921,0.422159869139902,0.321715522898596,0.0110001479105055,0.0417897544539313
"115",0.145012816648986,0.00164113293507442,0.411611438070455,0.383902570997804,0.0249159535965468,0.0329160877511335
"116",0.00916613535872542,0.0266476557733815,0.338870115030745,0.367456281144517,0.189245590691744,0.0686142220008867
"117",0.0380245451169546,0.0535096094670871,0.0851705782034273,0.214393327142206,0.569670566953262,0.0392313731170632
"118",0.30099457592326,0.0635849556572761,0.277672170519985,0.0777922833001866,0.0811945314367112,0.198761483162581
"119",0.096080938664015,0.0418008676828709,0.418348205436412,0.22514564012309,0.164664484768001,0.0539598633256115
"120",0.10391415357432,0.085144893932991,0.220815302511952,0.12234446127731,0.103121009360752,0.364660179342675
"121",0.0632657531738886,0.119434460438775,0.0697492481295304,0.114896971542296,0.598427890546743,0.0342256761687671
"122",0.0775392566677543,0.161288701265206,0.144066750273607,0.105869346978261,0.491597564314921,0.0196383805002506
"123",0.0970986776436061,0.0380089970228779,0.137596988672162,0.18396803770897,0.435760749808164,0.107566549144219
"124",0.128430145027529,0.0315095825634737,0.51926992626018,0.257203874747838,0.000153430690101189,0.0634330407108772
"125",0.0875171572648871,0.115275299207505,0.245226571567353,0.29942790245996,0.163133312095203,0.0894197574050927
"126",0.144145191898784,0.0269789955881061,0.0667117801175082,0.177417809301483,0.519060846338385,0.0656853767557339
"127",0.209445084302032,0.0635486705881061,0.195803873465997,0.254762416944624,0.253542763520187,0.0228971911790534
"128",0.113082975851754,0.110295625845798,0.275605570018982,0.077744459760571,0.0523720858266695,0.370899282696225
"129",0.109538497059051,0.0371955792159239,0.296803854253442,0.246259833529869,0.200915312573693,0.109286923368021
"130",0.0377521604125809,0.0177904893436661,0.450580284092722,0.427227675111795,0.0560984584883602,0.0105509325508758
"131",0.0377673216043355,0.0335343195736309,0.359034609755141,0.273426803143274,0.166414362297416,0.129822583626203
"132",0.220443614508542,0.100710504068572,0.248931992683017,0.189376667384567,0.0882630834940993,0.152274137861203
"133",0.0766025188790996,0.0873824399654418,0.400725802737323,0.301128256617849,0.00711371134236265,0.127047270457923
"134",0.290950514759411,0.25222259462263,0.114670883950393,0.0785402356405609,0.0900429484349886,0.173572822592016
"135",0.126294391490159,0.193844430105212,0.19716700429858,0.21819006775344,0.00714819945991826,0.257355906892691
"136",0.07076804051227,0.187539609607301,0.114275854747616,0.181911417380314,0.345842536173197,0.099662541579302
"137",0.0836266705462579,0.0222038625383605,0.451032756585091,0.318209455106402,0.0819272212734487,0.0430000339504397
"138",0.0153224711960376,0.377731252528762,0.208374191657174,0.219544932101957,0.128819527331423,0.0502076251846472
"139",0.168290262952307,0.0646176398631296,0.303313116279008,0.0910528285568695,0.102056597433056,0.27066955491563
"140",0.304734025794805,0.0993279587882404,0.339298604819744,0.137298020607372,0.0722387371197975,0.0471026528700413
"141",0.104829670835697,0.190633613983902,0.155284943627618,0.138022952307131,0.348365254395684,0.0628635648499683
"142",0.219201931723977,0.0239746602110292,0.272713951649258,0.264894492792109,0.148948336857627,0.0702666267659999
"143",0.349380406216426,0.355695019563404,0.0637530286440025,0.183177475203617,0.0031168711122349,0.0448771992603158
"144",0.00270564731665232,0.0238861373101097,0.0291460939751013,0.0672172318771745,0.695234131892601,0.181810757628362
"145",0.0409194492119288,0.189385090639649,0.301742484223506,0.28776163743756,0.0424160457654116,0.137775292721945
"146",0.0109775069049523,0.130351488768019,0.130636081269665,0.126296597610881,0.35551743832887,0.246220887117614
"147",0.0246381065496215,0.0910063414392135,0.219132341705535,0.155972591294565,0.407337062159286,0.101913556851779
"148",0.034629638875761,0.161223483161822,0.0513325290888593,0.233083745390023,0.505193627137125,0.0145369763464104
"149",0.00315130051851669,0.256762399276172,0.0956789287688708,0.197479538450889,0.268485003023881,0.17844282996167
"150",0.161701825909856,0.00666021363753962,0.0213804798394871,0.0621686129298741,0.534610774245703,0.213478093437541
"151",0.00932624126217409,0.0920230014430499,0.294102436266541,0.213787234776388,0.128342674924133,0.262418411327713
"152",0.129287444321475,0.14923405077642,0.319978399922297,0.232353539731606,0.0365550724742334,0.132591492773969
"153",0.0151265850775801,0.0302144089664297,0.440278424479122,0.238745580879244,0.0469429506699854,0.228692049927639
"154",0.347674808312452,0.0280441485829095,0.12742159395501,0.206191386931018,0.244048587779013,0.0466194744395966
"155",0.0576828946746573,0.0627736957997662,0.347457283209696,0.329457032306771,0.195303532573979,0.00732556143513117
"156",0.130006922149744,0.0426285715650656,0.359670293382961,0.364363373716273,0.0955055110099463,0.00782532817601026
"157",0.0211679417998926,0.107049119406569,0.367150829041369,0.0260917420959331,0.0133887832131051,0.465151584443131
"158",0.0177268601245304,0.0751263138846334,0.309095007481238,0.298259012534503,0.237328651476758,0.062464154498338
"159",0.0576812289041112,0.169880791708789,0.0661562909321608,0.13086657127381,0.523580861243854,0.0518342559372752
"160",0.0310962826816287,0.100317007543795,0.501709851352748,0.11067377266157,0.00726880660867238,0.248934279151586
"161",0.189316574884313,0.127794856920889,0.0601155829064572,0.0907533335734853,0.132264697657912,0.399754954056943
"162",0.112800372970694,0.062989391333112,0.279695483022881,0.232564037468432,0.175953865880858,0.135996849324023
"163",0.00888106183444116,0.189390494193934,0.287270743997746,0.14615607271635,0.0753043807633503,0.292997246494178
"164",0.136041797752743,0.0172542079090806,0.438807260067749,0.371766024576122,0.00569511833021533,0.0304355913640898
"165",0.0761323889335927,0.00720123400530209,0.265056799009457,0.104269323610869,0.123107764922141,0.424232489518638
"166",0.180034707561817,0.0291551464834974,0.242261199714932,0.131270168544662,0.00211771655041476,0.415161061144677
"167",0.195185838306801,0.272727903563998,0.226134984767994,0.135981390632838,0.150605113495425,0.019364769232944
"168",0.00269403365359243,0.0802263261531873,0.463268137874609,0.385185594824157,0.0664912585929289,0.00213464890152597
"169",0.132902046419962,0.10029571101967,0.242167737665945,0.308555128218381,0.119849340655611,0.0962300360204306
"170",0.298785726807503,0.373591445658152,0.0184972889468846,0.0233030717421477,0.0469588379502341,0.238863628895078
"171",0.112199480469838,0.166161583556483,0.250758458849084,0.23917957770397,0.228618466801819,0.00308243261880447
"172",0.30842709214417,0.190815647496585,0.243475158841196,0.141570775999784,0.015009089120759,0.100702236397506
"173",0.362968092465068,0.0977970645305168,0.176736799363593,0.105068857386324,0.0826741921141865,0.174754994140311
"174",0.187803865872873,0.176939761326104,0.224402166902725,0.109209668244971,0.0415878758147501,0.260056661838576
"175",0.107058689380252,0.0725251695374735,0.285442840958,0.302528347576003,0.214973321156939,0.0174716313913315
"176",0.0349107411214428,0.0106312357098926,0.495640304407295,0.222845911156292,0.0374967382067437,0.198475069398333
"177",0.0657517683989702,0.131803219931236,0.257444422724851,0.231535619689966,0.277228411582676,0.0362365576723009
"178",0.00589415452117655,0.206303280607643,0.222674514669563,0.345058465161457,0.169044392687992,0.0510251923521692
"179",0.0821543439536545,0.0605181624079105,0.242610340096881,0.130110067530419,0.163032472220482,0.321574613790652
"180",0.0231715689748389,0.104797341129811,0.347017526210578,0.264758314859469,0.0676277002525393,0.192627548572764
"181",0.0338113485548197,0.49981796627751,0.00113691871853165,0.0728078231929201,0.330664003163754,0.0617619400924646
"182",0.130068605429635,0.0463589181189381,0.356056865881301,0.221658545276331,0.141202526142081,0.104654539151714
"183",0.302099394867201,0.166605382988739,0.139778137586427,0.0952214103799663,0.231155038202905,0.0651406359747619
"184",0.0171720173740903,0.0241505041591427,0.288771422343939,0.0972282498875357,0.0380879068161968,0.534589899419096
"185",0.281349174397064,0.0678460430130339,0.116131008412072,0.146846360401651,0.199726392205347,0.188101021570832
"186",0.0111971978751626,0.184506401779929,0.312937777573927,0.16325006607032,0.116189715835433,0.211918840865228
"187",0.0174863084868517,0.0285651481522268,0.436281385903307,0.191263528392605,0.151787575578352,0.174616053486658
"188",0.014219499008935,0.285623665500255,0.280835458639887,0.155349966456857,0.222374984198202,0.0415964261958631
"189",0.0142686832448037,0.0778965096843262,0.440426735179617,0.257308287621198,0.133159412709137,0.0769403715609183
"190",0.33605966154918,0.156407356196754,0.0244370493664174,0.119062699248989,0.102225627585495,0.261807606053165
"191",0.510405668985972,0.0453937071841345,0.019809304751517,0.130326827296649,0.241598671143737,0.0524658206379902
"192",0.156505300998608,0.134208704376738,0.341382327476573,0.249804560411079,0.110613254782372,0.00748585195462935
"193",0.0338622580775569,0.182157630452374,0.286238305676371,0.310840690937647,0.168251086892662,0.018650027963389
"194",0.0519101440753753,0.167432233271737,0.0689674908798801,0.0227186707275214,0.512117924692393,0.176853536353093
"195",0.235263927549508,0.00484398429595584,0.390461000913846,0.278443840268606,0.0346169287680278,0.0563703182040552
"196",0.0365126906719373,0.0438135200809484,0.387271929264062,0.40754429735485,0.0960066165543197,0.0288509460738824
"197",0.0371468786844676,0.0414253045038184,0.418881531268857,0.289294757910471,0.0139024914279026,0.199349036204483
"198",0.251535751077472,0.0302547805923054,0.210850957130128,0.248423872464833,0.16261264228783,0.0963219964474309
"199",0.0288850247627245,0.159897747354159,0.237677164012303,0.225351556408686,0.345927767620778,0.00226073984134909
"200",0.170781271707089,0.0547825692759692,0.0799869181338802,0.0984451957340896,0.37952263183161,0.216481413317362
"201",0.104550973920278,0.340379263345247,0.157366522711945,0.0286911082579607,0.269832632774324,0.0991794989902448
"202",0.0677677140935595,0.26769260503426,0.288668820034906,0.151219389669093,0.0220975799507913,0.20255389121739
"203",0.0559126442000899,0.0631450146355382,0.107504686896958,0.180095756560134,0.437447895000475,0.155894002706805
"204",0.341623170528143,0.0140684454487674,0.0673217832256777,0.126622154442592,0.38772373378108,0.0626407125737395
"205",0.0522939613437889,0.109236194377479,0.148157125304497,0.0843464486519802,0.387642911521915,0.21832335880034
"206",0.121952152271652,0.137157699025302,0.178093074638551,0.185971787460473,0.371969043395387,0.00485624320863461
"207",0.00265587329985037,0.0617040583400332,0.221512437472985,0.28374628493992,0.421499830741718,0.00888151520549319
"208",0.0474981203461636,0.0119891400157494,0.439984112383638,0.252661067888563,0.0265399814910845,0.221327577874801
"209",0.181902447612406,0.0410206230352018,0.360073263227904,0.187059799611678,0.0942438743902936,0.135699992122517
"210",0.28817417375931,0.00122134159146113,0.322389600159483,0.184620232924163,0.201816750105934,0.00177790145964876
"211",0.190313617917999,0.173735488837979,0.328124764972728,0.231622556160673,0.0613834529781889,0.0148201191324314
"212",0.0371267205825919,0.584390321927058,0.209221359171775,0.051491041033927,0.0102700996173035,0.107500457667345
"213",0.0132128335787764,0.231142900624853,0.178734976470858,0.159735147229279,0.337962737702355,0.0792114043938787
"214",0.00365372001540253,0.0389474726517032,0.193185886082548,0.0919709480148297,0.246901606999584,0.425340366235933
"215",0.067532553477986,0.0587734822952238,0.467568529372627,0.286745520670223,0.118852412783921,0.000527501400019053
"216",0.00727976740486614,0.0882485426713802,0.212392150166325,0.0416939521611597,0.219257815521645,0.431127772074624
"217",0.100246432528085,0.103195439419599,0.381338270172862,0.170383364943506,0.0483156429418944,0.196520849994054
"218",0.355221483078551,0.0132660330420387,0.198694511333567,0.193295446377574,0.164415432407526,0.0751070937607435
"219",0.0984364335247344,0.113328686668767,0.419293854838332,0.319313443952643,0.0270731279583791,0.0225544530571444
"220",0.0888829755002045,0.283974349658659,0.22109819892939,0.0604786766075346,0.278137491301847,0.0674283080023649
"221",0.0538147141083776,0.139015033397649,0.0425191720977783,0.156309735208549,0.349253124125117,0.259088221062528
"222",0.068055628708153,0.176376605941058,0.165697524297676,0.0027526343063068,0.398535570939769,0.188582035807038
"223",0.10775571142145,0.0093580342818718,0.453567696227407,0.167404497383892,0.163435038496053,0.0984790221893269
"224",0.0354884802131957,0.346350712199694,0.140375207122025,0.0641722624445599,0.0221356705097329,0.391477667510793
"225",0.036238370328048,0.093271717710433,0.351749179782946,0.00173539950053694,0.205800461025536,0.3112048716525
"226",0.105690486542917,0.00287052246067969,0.360632623948927,0.436935520700015,0.0397549251946499,0.0541159211528118
"227",0.0291142817792123,0.0748072723339904,0.401613005397722,0.403475086778146,0.0128357228669128,0.0781546308440163
"228",0.0707395138674528,0.159932393261267,0.198298948277443,0.20601299626098,0.257420925043226,0.10759522328963
"229",0.150387820518013,0.35351124953344,0.0607422279589176,0.209970511198601,0.186473503779385,0.0389146870116424
"230",0.00635086193702725,0.10511270622942,0.455975018649838,0.311118678027461,0.075000901538969,0.0464418336172858
"231",0.114590182234247,0.168980189693864,0.282926701678593,0.278914403218832,0.0434652648084946,0.11112325836597
"232",0.153170773542731,0.024593205118755,0.216105352111721,0.230259050878969,0.357520694648413,0.0183509236994111
"233",0.0194561729109325,0.180894122993554,0.377893494594418,0.245877148656658,0.152993713736511,0.0228853471079276
"234",0.0457357257940495,0.0995087350989454,0.302602272438574,0.402188170470206,0.0628816870229841,0.0870834091752418
"235",0.258781378193359,0.0266700766935406,0.290803209049423,0.268771480445247,0.00304642016102058,0.15192743545741
"236",0.0921622302630969,0.0725568130247498,0.363672602843068,0.0635955457198262,0.231847476676545,0.176165331472714
"237",0.00251061889460323,0.013475742746715,0.440984305344659,0.292366512468342,0.103718013089446,0.146944807456234
"238",0.106993806495994,0.228056971967118,0.230734066632441,0.214795811795937,0.202750772376103,0.0166685707324074
"239",0.187908624224092,0.19536487093626,0.288990823893175,0.28864622596209,0.038992503015379,9.6951969003812e-05
"240",0.0386204230893165,0.104620490115163,0.354433008692443,0.406993478548908,0.0698496151177623,0.0254829844364075
"241",0.122384724965433,0.0293796380447883,0.362686089796146,0.271909989512781,0.120695789039944,0.092943768640908
"242",0.139732321571859,0.122441854165875,0.321288687675125,0.249728872893957,0.0237338568485642,0.143074406844619
"243",0.465333764647128,0.0960576323898572,0.00217708130646166,0.0929459251260524,0.308235677030173,0.0352499195003274
"244",0.0132505638752265,0.0121473263136217,0.408022118377789,0.256489900091735,0.154208962593044,0.155881128748584
"245",0.100231940859723,0.0977354313503064,0.342796392704886,0.370385488892724,0.0723837957600587,0.0164669504323022
"246",0.00350658658597641,0.310790920306832,0.123308200001952,0.369337283385229,0.0645751511031545,0.128481858616857
"247",0.0810481291048869,0.439256854530215,0.0186243190201581,0.25454088658485,0.115488938188981,0.0910408725709083
"248",0.212329981691485,0.0785794880597793,0.191573695946603,0.293191330834905,0.13808364589786,0.0862418575693675
"249",0.0801814237372446,0.0744515156562226,0.479519808710287,0.295913897196831,0.0659239090139216,0.00400944568549357
"250",0.0919003748731229,0.109936508763463,0.242655733578784,0.260409394975584,0.133711358451031,0.161386629358015
"251",0.0202594302684964,0.282387297930469,0.317683783939092,0.234991916647014,0.113843033548539,0.0308345376663897
"252",0.00535225476809786,0.243424457022387,0.124184734212141,0.204014368344633,0.356222479147398,0.0668017065053428
"253",0.145793971517951,0.258989137291017,0.130895641980422,0.184444074993495,0.2375807827748,0.0422963914423137
"254",0.0354121282556282,0.0882052823377383,0.430782656757151,0.175009173621911,0.00707244665928686,0.263518312368284
"255",0.374088499816117,0.0513269732128218,0.249597453812312,0.0401818713177931,0.120838450166696,0.163966751674259
"256",0.133504483071091,0.0496358228490707,0.182130833667443,0.156938270478737,0.0921503713002362,0.385640218633423
"257",0.0754753119364181,0.0850397108806122,0.427690651026883,0.346137270557869,0.0610242778486523,0.00463277774956526
"258",0.082287602122224,0.32982910442011,0.233812149508382,0.228649966959619,0.112384118810669,0.0130370581789963
"259",0.0618349260750539,0.367797761717579,0.132075770980628,0.0955755932040292,0.111887461106344,0.230828486916366
"260",0.0563791004502743,0.140618308254034,0.269714395653053,0.194288866768575,0.289501418970084,0.0494979099039797
"261",0.110887273637526,0.209456707058603,0.488705563596809,0.126359512003348,0.00899321974881102,0.0555977239549037
"262",0.128878610112244,0.0572337415681415,0.404969289804821,0.353006271003951,0.0353364051599366,0.0205756823509068
"263",0.0888721492243135,0.127630455711221,0.539507702478238,0.106496553252559,0.0924675126078171,0.0450256267258515
"264",0.0293443630957374,0.145875734358379,0.248699875379151,0.329964954116435,0.218977120098702,0.0271379529515964
"265",0.21268558120834,0.0376485199771761,0.309203263743256,0.052171268211067,0.0415195637406688,0.346771803119492
"266",0.0551463552372554,0.217819452001705,0.056397814622044,0.0953092263189657,0.552388225258287,0.0229389265617424
"267",0.290639613127173,0.023838947453026,0.282541235977218,0.328165981147452,0.00559826969408584,0.0692159526010454
"268",0.00527416908791533,0.0104669505994109,0.24512075766539,0.434608926861357,0.294943211973485,0.00958598381244163
"269",0.0686698819615214,0.00188932525683112,0.118034927767353,0.219579945592528,0.38172110605593,0.210104813365837
"270",0.111548178357323,0.27847640017337,0.0730817659285073,0.0549409110337193,0.0860330575631183,0.395919686943962
"271",0.0619815111928891,0.177158225618107,0.148296941684984,0.122967934990028,0.273635230363299,0.215960156150692
"272",0.13868320699046,0.085124804144177,0.319705711927032,0.173271229713031,0.0453079089379442,0.237907138287356
"273",0.0847697239700819,0.079829629335415,0.200963955684967,0.0795557718633652,0.188641529339158,0.366239389807013
"274",0.0477146864940626,0.0426586634478579,0.293708524252568,0.157241433851861,0.22720450859761,0.231472183356041
"275",0.336870202972717,0.0217503906336245,0.42186518703263,0.0975094386366775,0.042602455454195,0.0794023252701555
"276",0.196464858353097,0.0916491679615279,0.354864412430069,0.264877254960249,0.0518954929703933,0.0402488133246648
"277",0.0505965929691822,0.0689435945220039,0.322040305799155,0.39476157871386,0.0501482391421523,0.113509688853647
"278",0.045878138668424,0.141062044210941,0.334776578728144,0.290989610449797,0.045510921127686,0.141782706815007
"279",0.203743077806695,0.0299748474642135,0.316826274257639,0.229400237626048,0.203011744005565,0.0170438188398396
"280",0.0336844842243181,0.161774567073691,0.285559787607301,0.150388843813841,0.0926999222356703,0.275892395045179
"281",0.0908736230875078,0.284100002526192,0.183293026751528,0.08966179070902,0.150097920496565,0.201973636429188
"282",0.185967000125512,0.0705321674756594,0.233884592325972,0.122898377183762,0.341854333000143,0.0448635298889507
"283",0.367044637352897,0.0254407328675306,0.31972405439931,0.169112489274693,0.0713649613131189,0.0473131247924507
"284",0.165905594884309,0.0299887769695713,0.205993313934155,0.206759436972403,0.32627740584384,0.0650754713957218
"285",0.110925325038424,0.123675812838204,0.331214443696291,0.159040555055623,0.0374306459330302,0.237713217438429
"286",0.0288565547321323,0.204727502288416,0.172623207281785,0.228832673991048,0.125452534676278,0.23950752703034
"287",0.0896803205999669,0.0491642225367625,0.283898109523742,0.00159912457510824,0.126759315517739,0.448898907246682
"288",0.178601070812635,0.133512472905299,0.455493959595907,0.0538639509654926,0.0514589367960205,0.127069608924646
"289",0.0114823713540364,0.081751340425666,0.322512013137084,0.0625765671621023,0.153665591867042,0.368012116054069
"290",0.25430227533751,0.00637383821343006,0.389817747914539,0.306855012929901,0.0133233497776737,0.0293277758269459
"291",0.0767819724454471,0.0520186772047377,0.410528126547007,0.295551535386777,0.0197193574862416,0.14540033092979
"292",0.449663373549517,0.14123362256195,0.155233334456695,0.123835616360114,0.0970016981784453,0.0330323548932787
"293",0.285100730427926,0.0274700143668657,0.352875707243436,0.168782116510174,0.0525427497015795,0.11322868175002
"294",0.0174072550964005,0.255807120748471,0.180626070584595,0.344704247988549,0.199508171243553,0.00194713433843079
"295",0.118559215764332,0.252852857835127,0.173602953470237,0.0985533847108508,0.204161071958213,0.15227051626124
"296",0.00905041329976687,0.108014136171372,0.386953174562307,0.221215230619449,0.227766614146011,0.0470004312010937
"297",0.0885888634185177,0.211143543074584,0.374518274818279,0.160484825963017,0.0326811935316361,0.132583299193966
"298",0.0181887195467542,0.188497215562806,0.487027402498658,0.118216679198426,0.0243012153383726,0.163768767854983
"299",0.203470866730938,0.127312367229634,0.274008198317607,0.20770467854799,0.0188145419436075,0.168689347230223
"300",0.124590244020872,0.0735701386755794,0.270298329532268,0.263799978438643,0.11825485064776,0.149486458684878
"301",0.0334467922548369,0.0189301483301559,0.397785698302938,0.217784867792961,0.299519271965251,0.032533221353857
"302",8.3925546347542e-05,0.283106470926685,0.415331193895662,0.188262647218928,0.0388700439477769,0.0743457184645999
"303",0.0678677086427455,0.0349435434569061,0.256064878998744,0.0673368568202902,0.202558710306756,0.371228301774558
"304",0.325943298939952,0.195050065951829,0.00906354497078621,0.0710320485089887,0.253568408031195,0.145342633597249
"305",0.0605860057005712,0.039958004722925,0.200600916559053,0.246361506493749,0.382309569639031,0.0701839968846706
"306",0.0337771773298607,0.0680843265822281,0.394383213157897,0.0421711812140741,0.000288820007627211,0.461295281708313
"307",0.0995986921848002,0.0239255632923258,0.413885597477458,0.125766763881355,0.0566553410327836,0.280168042131277
"308",0.164585877004865,0.00754678444289295,0.234793635703947,0.184004879600247,0.212099316702374,0.196969506545674
"309",0.00515991577264558,0.179302291511942,0.329661665786753,0.275884850941003,0.108764551683879,0.101226724303777
"310",0.140325560924007,0.0198999854751418,0.263416225559081,0.337621808338988,0.180073411572983,0.0586630081297989
"311",0.0385669103947786,0.308991233012572,0.277425112105324,0.282593335365784,0.0863946324170229,0.00602877670451821
"312",0.0816057569149929,0.0791362661647645,0.404659813344822,0.200971000499398,0.0159236046636369,0.217703558412385
"313",0.186048559251252,0.0776031193817132,0.227261203919396,0.27765667197457,0.208158848437101,0.0232715970359682
"314",0.157652483651715,0.17108384325,0.155047657215954,0.211446554891583,0.262731249120901,0.0420382118698463
"315",0.0206991528041015,0.0580679322862769,0.485579195446322,0.318199777058,0.0937753024105498,0.0236786399947493
"316",0.00574946873546268,0.0582809425265134,0.360674922322343,0.320313963744285,0.24236386038721,0.0126168422841861
"317",0.227664055406481,0.148654014000299,0.125246195901455,0.20022853447628,0.212870026634418,0.0853371735810668
"318",0.203832841923802,0.0388391617613126,0.195269700966334,0.106648815913784,0.26211082438655,0.193298655048217
"319",0.106078877997975,0.0214733862688281,0.47789355225744,0.36037595912424,0.00827925780414216,0.0258989665473747
"320",0.201758560264054,0.372339649603422,0.200410583995911,0.170924582904165,0.0471179072588662,0.0074487159735817
"321",0.422564388437404,0.0846713361911544,0.227250108724943,0.0824604790587703,0.0145819928319017,0.168471694755827
"322",0.142246471259706,0.0194516605328506,0.412579640944307,0.22184222425355,0.0458282352966651,0.158051767712922
"323",0.0923130387158252,0.400604701615339,0.0702514845569066,0.0585319181262988,0.11700444120597,0.261294415779661
"324",0.0203190845301671,0.0577645018508586,0.227677161818816,0.352327213808082,0.30327060238296,0.0386414356091156
"325",0.0485663047972182,0.00508945626747117,0.133376006738042,0.108536716916793,0.642552686364348,0.0618788289161283
"326",0.0693412384140269,0.00244280456988856,0.316277521238086,0.246089264441762,0.288838746826938,0.0770104245092986
"327",0.0191647115151781,0.027062738049514,0.0415666804302957,0.239224428130917,0.617273462016018,0.0557079798580778
"328",0.0803583170585163,0.0714408981692436,0.412158774202969,0.328103450361576,0.101086035947146,0.00685252426054841
"329",0.0237363739484363,0.019648046882335,0.13580460040242,0.128277087274152,0.506471671106855,0.186062220385801
"330",0.215944748177924,0.0179102980493844,0.322339066284256,0.364585663360717,0.0674397043600627,0.0117805197676555
"331",0.371203886171081,0.124655644725054,0.110206176108795,0.228491136336089,0.0711505591849098,0.0942925974740698
"332",0.122556861793275,0.277834101798324,0.373218820454794,0.175066600829457,0.0324207018564939,0.0189029132676568
"333",0.0125401174856955,0.352873425009916,0.178190918129039,0.188227247430098,0.239455848184505,0.0287124437607467
"334",0.270462935627121,0.0189352050310853,0.229209611466007,0.22438314593645,0.136125512872787,0.120883589066549
"335",0.0213423933958088,0.157323367614774,0.397068764533132,0.145185119110609,0.0835981784943902,0.195482176851287
"336",0.179082087366858,0.0212991711108801,0.402827483191608,0.08249717702847,0.12205894212546,0.192235139176724
"337",0.193974019783882,0.117980135366917,0.27403261711505,0.314128582165441,0.0244165368861683,0.0754681086825415
"338",0.0865117418366533,0.0858558751419059,0.379884296168417,0.159875215362669,0.100638224854,0.187234646636356
"339",0.23821187194663,0.1357431238307,0.310594987308244,0.195765351215263,0.000844283559177721,0.118840382139986
"340",0.262897990070949,0.0175234181520596,0.189702016371528,0.0424068394034744,0.025885673971547,0.461584062030442
"341",0.0288401181524954,0.147163931591322,0.26960980901453,0.20873875792794,0.158142415392415,0.187504967921297
"342",0.00422309804860523,0.284717248939668,0.366429120427454,0.114824495578087,0.0441083495365158,0.185697687469671
