"","V1","V2","V3","V4","V5","V6"
"1",0.0754192343875909,0.00522512621025987,0.643185138791295,0.228720354390883,0.0435126299354822,0.00393751628448934
"2",0.0415028528494594,0.0165635991795173,0.589839270556944,0.134074114897226,0.0625574799576017,0.155462682559252
"3",0.0114953801157674,0.0289629397963157,0.680055896929958,0.238609093237644,0.000217261001755658,0.0406594289185598
"4",0.0240336399490571,0.0135504029808386,0.604567946669869,0.238343473333317,0.084703528572833,0.0348010084940849
"5",0.0913179752519278,0.0453283099028352,0.625437887882864,0.196531328411143,0.0333966809130157,0.0079878176382143
"6",0.00723169370738453,0.000938827139488655,0.681115223600768,0.195034559988086,0.0136834252369179,0.101996270327355
"7",0.0454358652938652,0.0584610388922409,0.522051093507178,0.124563907298035,0.177808150117885,0.0716799448907961
"8",0.0672897113314489,0.0494887563098948,0.520472870679389,0.161812929150192,0.11882173902417,0.0821139935049049
"9",0.022832045962509,0.00800063182170343,0.63401619264046,0.220104642757998,0.0816618610067284,0.0333846258106014
"10",0.0514421030426141,0.124470960053024,0.55063248289259,0.244708803561768,0.0240226727525278,0.00472297769747603
"11",0.0114557331406633,0.00481215634656033,0.691773425040992,0.239065371095245,0.0296276134989181,0.0232657008776216
"12",0.0247970981674525,0.14283045384412,0.391733884398628,0.20314389868316,0.179368093121578,0.0581265717850608
"13",0.0774211222869523,0.0227159649100692,0.507153439122571,0.0940063598053454,0.016557077003975,0.282146036871087
"14",0.0795970651940751,0.0163948599036538,0.621788085335915,0.109492672315369,0.0233677548504939,0.149359562400493
"15",0.0119785529634958,0.0051487819546523,0.665429625031423,0.241699076950833,0.0400908232467004,0.0356531398528956
"16",0.0101111424203588,0.0100129304716352,0.645094111890886,0.156302394710793,0.0286613058882596,0.149818114618068
"17",0.0105616182888007,0.139730904373168,0.578199409431915,0.184197122154059,0.0494920921262776,0.0378188536257793
"18",0.0130462547249799,0.0130059782848081,0.679023657775455,0.217724204600026,0.0338178042333247,0.0433821003814071
"19",0.0494644103380065,0.0329241428316645,0.662047703984821,0.232706714539843,0.0137709517340319,0.00908607657163304
"20",0.02928057634589,0.0215147144213206,0.685319028904984,0.201887760527962,0.0524438917183561,0.00955402808148794
"21",0.0690085169971121,0.0185884169869885,0.672959980546065,0.209800972502152,0.00781482247537041,0.0218272904923111
"22",0.0718588261175963,0.142088265474665,0.499887190514848,0.165352499912378,0.0829205056109864,0.0378927123695263
"23",0.0299345179042507,0.0455492568915988,0.560231219879302,0.262227073581585,0.0229951029505829,0.0790628287926804
"24",0.0647988451717406,0.053358300068456,0.642504471009761,0.167920121945089,0.0194261353183694,0.0519921264865837
"25",0.0998773161859086,0.00679712601171435,0.660034342159644,0.162866177967513,0.0471536366685956,0.0232714010066245
"26",0.0358922922058646,0.00927470767847163,0.626803066681453,0.204733185420964,0.0618676809665905,0.0614290670466562
"27",0.0193115120128917,0.0110717739612499,0.649526522622686,0.257711333003518,0.0262508007485839,0.0361280576510707
"28",0.0513607462240957,0.204558750318505,0.535412530704017,0.167571329614499,0.0149343027274545,0.0261623404114297
"29",0.0344775731465059,0.0121021787647769,0.386313788561873,0.100365001234799,0.100288946513418,0.366452511778627
"30",0.00728172778506148,0.014365058226484,0.430368692113194,0.229303688717072,0.243288665867753,0.0753921672904362
"31",0.107696081157109,0.016599693388207,0.598481263088974,0.207662815969109,0.0232918526166872,0.0462682937799141
"32",0.0317381646686594,0.0436260308165146,0.581050278889771,0.169387113039754,0.153528547898471,0.0206698646868305
"33",0.0172225326081901,0.016142136136181,0.654639431990074,0.188003453224555,0.0168699982721188,0.107122447768881
"34",0.105022749120614,0.0135674595852924,0.613639560080866,0.175448500883653,0.0319801920909862,0.0603415382385889
"35",0.0250472232283666,0.0429958195462064,0.530577019062588,0.22987040591799,0.135725851108311,0.0357836811365375
"36",0.00336963061638681,0.0124431542187749,0.585845925551463,0.247338751720741,0.0570178156762834,0.0939847222163498
"37",0.00733956907884948,0.00468399832187947,0.69249807915315,0.198250102255126,0.00987319205398965,0.0873550591370055
"38",0.0679622556118972,0.000204814644713561,0.58054525554235,0.215841068044947,0.0626260426416565,0.072820563514436
"39",0.0292949882988259,0.16830923863664,0.48886790166729,0.200593769987997,0.104861290851399,0.00807281055784779
"40",0.0249472525589763,0.000923367025784462,0.652281885152101,0.210848058044554,0.0504879064831205,0.060511530735464
"41",0.0905091869984865,0.025296688136355,0.614590390122814,0.243838553312155,0.0212333828068369,0.00453179862335312
"42",0.00108322397759404,0.00860501448462658,0.637249100587838,0.252286961063804,0.0564327444038431,0.0443429554822934
"43",0.0236876016666207,0.0105975974893818,0.557646767199337,0.217641742683397,0.144282878000967,0.046143412960296
"44",0.163716196670173,0.0321599023272613,0.662527388467096,0.0825924715816543,0.0258634319802813,0.0331406089735342
"45",0.0408125513930427,0.0904535295230357,0.58170062862641,0.14967809241341,0.0292853683447005,0.108069829699401
"46",0.0320266517388123,0.0156743989533817,0.623506206609188,0.260021028823648,0.0422909853620654,0.0264807285129049
"47",0.057290235371264,0.0894310600011602,0.526008336880605,0.212913145250939,0.0168159051268071,0.0975413173692249
"48",0.0218789172143161,0.0586418808794157,0.530898651684853,0.191284611190022,0.0936813464600499,0.103614592571344
"49",0.000434485468949418,0.00374944087478273,0.704514919753134,0.223683820486175,0.0119699550236346,0.0556473783933242
"50",0.0135385879135145,0.00919749102082872,0.604721958574521,0.26809940997146,0.0171344870136375,0.0873080655060384
"51",0.03443745797824,0.00994215258707554,0.650471498479277,0.233260112448658,0.0121142317779934,0.0597745467287562
"52",0.0758750156140299,0.0817080649662474,0.579823744058247,0.19610996345006,0.0336173761193697,0.0328658357920465
"53",0.0741250568439814,0.0392952247044446,0.60899711486709,0.241469915069352,0.0207281274669847,0.0153845610481475
"54",0.0125925569921177,0.029641360708567,0.675194511625862,0.240042500435704,0.0090950509124077,0.0334340193253416
"55",0.00472111849265439,0.0458402769934822,0.632363298772961,0.20460598304104,0.0725438098315844,0.0399255128682776
"56",0.113438493018088,0.0394578227346304,0.55608833169196,0.187232553765748,0.00650209698753664,0.0972807018020371
"57",0.00595040530483367,0.0733811156425079,0.585361872600721,0.23954806732651,0.0554654776341692,0.0402930614912576
"58",0.0602442018641351,0.0498377202448877,0.591336611522341,0.249890297610566,0.0319834328231908,0.0167077359348793
"59",0.198813365818936,0.0474633704329108,0.531701050966181,0.0801372416357437,0.0602909418077442,0.0815940293384844
"60",0.00863540450300405,0.00707707205752812,0.698056329029123,0.258995614442406,0.0084113483690331,0.0188242315989061
"61",0.0188624736504542,0.0140076947843696,0.629913544273378,0.14572239370497,0.0146171998606553,0.176876693726173
"62",0.0165696591133435,0.0762812263922236,0.605754024745785,0.207880044640758,0.0107584581459406,0.082756586961949
"63",0.0544483012803405,0.0337144201904408,0.638992723754728,0.18893885525843,0.0494645631833501,0.0344411363327111
"64",0.000753424144410122,0.00467159601708437,0.678944273963018,0.219487293917421,0.0245149797172009,0.0716284322408657
"65",0.0278581474976237,0.0455353273178816,0.482409241187205,0.173597963473764,0.171098700172681,0.0995006203508439
"66",0.00836346947408749,0.0701524749603173,0.609613227079357,0.166865010735265,0.0427552261906937,0.102250591560279
"67",0.0258921677785752,0.0412579995776886,0.624945349184195,0.215402706708596,0.0644219991640739,0.0280797775868714
"68",0.0154439089663937,0.0700857989767515,0.6244523141729,0.234966493058078,0.0314625183691312,0.0235889664567451
"69",0.00527199301911217,0.00340184449997846,0.697796726065103,0.264322809458125,0.0123211011611521,0.0168855257965296
"70",0.0643926251912798,0.00724889763093635,0.447833690299071,0.0534758514797034,0.373899017009908,0.0531499183891009
"71",0.00675793007889718,0.026182138606788,0.650521093186971,0.268557688633262,0.0187576873048238,0.0292234621892583
"72",0.0703936851985046,0.0296653340719918,0.578918698032676,0.221933909702275,0.0435193682701028,0.0555690047244499
"73",0.0411749153662861,0.0416888894725669,0.656717408040413,0.182091875197652,0.00674538784790035,0.0715815240751812
"74",0.173012871723902,0.0555006823706091,0.48542558597769,0.148334309720242,0.101941320385432,0.0357852298221246
"75",0.0547148505166525,0.0746771705486503,0.535268746047469,0.279852763121367,0.00782780942128164,0.0476586603445799
"76",0.0313956254691822,0.00123818927221137,0.618899409060886,0.294538109371822,0.0468645468242751,0.0070641200016235
"77",0.0352028018617754,0.0658527345904919,0.640630463113979,0.235362032180651,0.00438180380077813,0.0185701644523244
"78",0.00568009955160606,0.00524499946191832,0.605042689048199,0.129794442822438,0.0734750215635089,0.18076274755233
"79",0.0255131641157647,0.0156382141824078,0.598141829620693,0.169963405112235,0.0984124043788581,0.092330982590041
"80",0.0206938458115086,0.0739536784232261,0.65328512354686,0.211338716511892,0.0313623088041334,0.00936632690238033
"81",0.066597634553544,0.0302575393583702,0.690325191587549,0.150371353925214,0.0240780197282513,0.0383702608470717
"82",0.0455864169855247,0.00312180819585262,0.583561975860012,0.247301213311124,0.0552685252610733,0.0651600603864135
"83",0.0364224852909929,0.0137394782729157,0.675463426039232,0.193508807302212,0.0534979552607631,0.0273678478338838
"84",0.0579417829846677,0.0365553377286424,0.543248990499951,0.217516279664148,0.126078783146062,0.0186588259765283
"85",0.000690606977943018,0.018559057030336,0.631533117762924,0.298272407168497,0.0440201031568897,0.00692470790341003
"86",0.018094212907532,0.00911893553237745,0.596717286548708,0.338678091052165,0.0354160677714433,0.00197540618777383
"87",0.0414839758465957,0.0450067099253965,0.587814603459233,0.249142404845611,0.0273071604552297,0.0492451454679343
"88",0.073797678288278,0.0273672693157078,0.580086133821873,0.208133546691338,0.0828118607798119,0.0278035111029916
"89",0.00435293588508776,0.14305388120579,0.566813945813207,0.206820762650296,0.0759293501480149,0.00302912429760369
"90",0.0321267935304123,0.0050419734019846,0.680206636200416,0.210966507439336,0.042815057709084,0.0288430317187666
"91",0.113233516890715,0.0850941941172921,0.513153322985421,0.0985717396277437,0.0387817840130055,0.151165442365822
"92",0.129254015570158,0.0179845527034075,0.540710225296688,0.239333293810021,0.0443821583679818,0.0283357542517438
"93",0.0264977341107633,0.0213184585493374,0.690551646486759,0.0804300763499566,0.0413710507064863,0.139831033796697
"94",0.0454110698651199,0.00328759619472405,0.66971820023467,0.185152334216965,0.021810078853287,0.0746207206352343
"95",0.0654947286952336,0.031962549887627,0.563123359953011,0.188215819787086,0.105595061683405,0.045608479993638
"96",0.0495542725374965,0.00615839718008095,0.508172543589756,0.0509906903011268,0.258445581043351,0.126678515348189
"97",0.0208473266145436,0.0337640298252075,0.604829369073997,0.115917259985991,0.162993825405633,0.0616481890946272
"98",0.00461912561838307,0.0352459158183301,0.342584064047319,0.196013100358927,0.412494864316563,0.00904292984047797
"99",0.0401083318941599,0.149185197247883,0.600901751307767,0.13561090328536,0.0153179229693305,0.0588758932954994
"100",0.0184657460696836,0.0346170891058113,0.652662461651751,0.257917665474947,0.00839209895826711,0.0279449387395397
"101",0.23394417947126,0.0208410426673123,0.495199560021701,0.060393195556177,0.101625856382643,0.0879961659009064
"102",0.0228695348340294,0.0387232745783383,0.590448987884719,0.258759885968241,0.0854563503997514,0.00374196633492095
"103",0.226338545241659,0.0955308883682983,0.412721116865285,0.170874129418081,0.0590919173736278,0.0354434027330482
"104",0.0807084885717573,0.00335366332446808,0.637388678399385,0.224577091457214,0.05354684779652,0.000425230450655917
"105",0.0464311293291328,0.012325330028363,0.507232796848562,0.017843321579419,0.000642799742586131,0.415524622471937
"106",0.055025526935122,0.0154907165778846,0.642971533689661,0.22334856914002,0.00209263288112475,0.0610710207761874
"107",0.0772204322705402,0.0288350544710851,0.608093366627972,0.19187882607151,0.00314740726521477,0.0908249132936783
"108",0.0496125682067952,0.00362228003200594,0.642007222568577,0.195844553022205,0.0141018511346971,0.0948115250357194
"109",0.0704002745639448,0.00343948601657451,0.584521424864398,0.147404911584742,0.0761640328563209,0.118069870114019
"110",0.136823253840571,0.0302754365977999,0.520251125080554,0.272206209034773,0.0318975260120203,0.00854644943428184
"111",0.00857511864177573,0.00218662947974676,0.653131063294663,0.231385778191234,0.0639591589989842,0.0407622513935959
"112",0.0161807303409993,0.0673178970609588,0.697714989593608,0.141735732451875,0.00403038168817713,0.0730202688643821
"113",0.0252246116691558,0.10797412359777,0.631779875683021,0.16753466234188,0.0182180433049072,0.0492686834032669
"114",0.0829387426428773,0.0287191006734387,0.548121646289123,0.225375287149304,0.0813390845021597,0.0335061387430972
"115",0.0154885409308603,0.243050552818267,0.452342755712774,0.156815584418067,0.0752200511932046,0.0570825149268283
"116",0.0425005849770921,0.00542675155552545,0.62890196690747,0.251362399380121,0.0146195028177142,0.0571887943620776
"117",0.0177371299069143,0.0330132881783693,0.662044984553728,0.265844729839892,0.00493171785158762,0.0164281496695081
"118",0.131826712547645,0.0443380043414981,0.473106984592652,0.236775021540374,0.0602739883699972,0.0536792886078345
"119",0.00567133813610364,0.0205037403470241,0.681542763919889,0.244849119474788,0.0454647553530252,0.00196828276917019
"120",0.0720859097675205,0.0259940741041956,0.566944536605689,0.271600862557128,0.0534514367372423,0.00992318022822496
"121",0.015857691270031,0.0378955753779729,0.558658940569055,0.166723375681112,0.133944981360632,0.0869194357411966
"122",0.023337426518862,0.0199825464839914,0.664343399809718,0.184395780413303,0.0142481154499563,0.0936927313241698
"123",0.044951352475685,0.0896459662910757,0.583063207534699,0.255847756420432,0.0124658682599228,0.0140258490181851
"124",0.012585726692366,0.0570235495592043,0.575998626740352,0.240640709741354,0.100189037016893,0.0135623502498298
"125",0.149445806302866,0.0396383615235171,0.503638145381411,0.264202857163425,0.041062879224309,0.00201195040447212
"126",0.0819426307863321,0.176810613311261,0.475733254433055,0.185227750610576,0.0188038581213428,0.0614818927374326
"127",0.0558924966233217,0.0366922668002806,0.673450696731327,0.199644947740966,0.0126156723603361,0.0217039197437695
"128",0.0228571245153966,0.0955499961842141,0.52636719365183,0.159362607750556,0.111364750519576,0.0844983273784275
"129",0.014676067847348,0.0103783863521817,0.69385036357173,0.112079602543986,0.00680105253553262,0.162214527149222
"130",0.0827459264753876,0.00863380970611694,0.638164740984426,0.236389566136588,0.0060610750977626,0.028004881599719
"131",0.0877389243012361,0.0538576262024154,0.634011408798611,0.181585327058513,0.0307673701494286,0.0120393434897958
"132",0.0763018929184398,0.00693552221373878,0.611538081600382,0.255928568266109,0.0182703329413092,0.0310256020600215
"133",0.0632832660742066,0.0557648167274145,0.614853192372296,0.228095857232464,0.0276101916442402,0.0103926759493785
"134",0.00119822134179012,0.0168157858831945,0.679528605223324,0.280546088054603,0.0023365792436149,0.019574720253474
"135",0.0512036933149948,0.0176528195599894,0.638315400490861,0.259011725516298,0.0294047304708516,0.00441163064700534
"136",0.124452956485769,0.0838094893031774,0.529964682773023,0.210023045701265,0.0200075584656779,0.0317422672710882
"137",0.0905921852925409,0.00162767785036533,0.552388439341659,0.197391681600614,0.0540611459138139,0.103938870001007
"138",0.00519916672179872,9.9119698434577e-05,0.609653759080258,0.226181798602265,0.0865801711164103,0.0722859847808333
"139",0.0311977819893631,0.0277539498770355,0.56984889316289,0.268142386035885,0.0538528086242452,0.0492041803105818
"140",0.00103070005228842,0.105509985107849,0.574284363781221,0.235255384166377,0.0799891244928845,0.0039304423993803
"141",0.0161297723458067,0.0442484863370228,0.610615788222971,0.215566191458788,0.0283747423324587,0.0850650193029532
"142",0.16038569502188,0.021034953675283,0.641605593949965,0.119400742717926,0.0454730722622659,0.0120999423726806
"143",0.0322925863720285,0.0118708052110716,0.646185511385254,0.161782432768021,0.00804756833617306,0.139821095927452
"144",0.0965760550653884,0.0217481059416801,0.622075211547529,0.165668226072943,0.0689040101073909,0.025028391265069
"145",0.0119871705241016,0.00282348795219566,0.67673029106378,0.266284790881065,0.0230981451277419,0.0190761144511166
"146",0.0786264028036568,0.00827110528597437,0.663367462757024,0.230775472736774,0.000605589009550704,0.0183539674070203
"147",0.068909012422196,0.0038135221736811,0.628834932650308,0.171430869901463,0.0721891206898182,0.0548225421625334
"148",0.0331438907296031,0.0938571406465946,0.607732702241877,0.228589328486838,0.0107101260999038,0.0259668117951838
"149",0.0909104424603592,0.00641780599587533,0.612800518691812,0.21260165193227,0.0372851857899068,0.0399843951297768
"150",0.174030636478638,0.00702691213813133,0.56465254809093,0.192507245420135,0.0406461154651539,0.0211365424070119
"151",0.0255136583960412,0.0166594118164963,0.618623015421159,0.186499054995975,0.0259463860568751,0.126758473313454
"152",0.255024845289946,0.0880394832894471,0.47115079434911,0.0751463799796755,0.0636173035164504,0.0470211935753719
"153",0.0767445679574644,0.0368947931333418,0.587960276910274,0.186184129626111,0.0624809592415783,0.0497352731312308
"154",0.0390799447160509,0.0344911883239753,0.631588475951848,0.216926187611803,0.0471659711434243,0.0307482322528992
"155",0.00866640213118466,0.0243025958819158,0.694668616891538,0.230081415659866,0.0406565988790772,0.00162437055641904
"156",2.99691394593666e-06,0.0147800847970916,0.63295874778136,0.204441765387729,0.0437737559421959,0.104042649177677
"157",0.00473353856733794,0.0567435021566543,0.615561038196788,0.21395294605401,0.0822315394112746,0.0267774356139351
"158",0.0565564674993609,0.0161635064373969,0.621771943384613,0.233723899972735,0.0673252158332566,0.00445896687263843
"159",0.0594938621320651,0.000652256936434953,0.619023355788632,0.236547173434375,0.0489732807371124,0.0353100709713814
"160",0.411468497487545,0.0140221279829761,0.39841325067215,0.0845225135333272,0.0575414917685468,0.0340321185554551
"161",0.0343500318636161,0.0119246827225328,0.481912402004149,0.26895012620598,0.12955350114094,0.0733092560627818
"162",0.00827303388288276,0.0516655577685584,0.52516142927709,0.287075448956645,0.118276942431664,0.00954758768316025
"163",0.0615826762235385,0.0189673633787089,0.585265200827417,0.1763557455122,0.077816435267861,0.0800125787902753
"164",0.0578492155999227,0.0136807970223922,0.617591094216633,0.140602923938534,0.0228207943729504,0.147455174849568
"165",0.00541429238084062,0.224293395011924,0.622755174013123,0.0738372447301702,0.0485844117036749,0.0251154821602677
"166",0.0242826571499037,0.00997602645914127,0.614174183366587,0.28286639777994,0.0677564836386287,0.000944251605799816
"167",0.137902597270974,0.0241359360842194,0.520264633374631,0.153024200406427,0.0733605405795505,0.0913120922841984
"168",0.103280407007764,0.0271856157677294,0.608041597711555,0.223613313350628,0.0232399775392873,0.0146390886230358
"169",0.0511919914512178,0.134716172722887,0.514883877773949,0.247857935728788,0.049117413145683,0.00223260917747529
"170",0.051276310374689,0.0106002181381005,0.573080261659422,0.21070238385184,0.108026122838859,0.0463147031370902
"171",0.0706612838367855,0.115274282240374,0.623100721540065,0.153606662075323,0.0082664893498685,0.0290905609575834
"172",0.0142871787681169,0.115809971804167,0.62081315544848,0.230489561601166,0.01583358885881,0.00276654351925999
"173",0.00654344456052296,0.00292739599214453,0.654293534625761,0.177433236687322,0.0772554255350523,0.0815469625991967
"174",0.0265333465259294,0.0355070367446571,0.575952082383879,0.212877133121193,0.107357149501813,0.0417732517225282
"175",0.156934144560835,0.0284721798937693,0.486590312504774,0.0922668675744297,0.13038182942684,0.105354666039351
"176",0.00508306150166069,0.0063262590227522,0.659642442762827,0.258434221983586,0.0500594488502981,0.0204545658788768
"177",0.0246026972806646,0.00907466003904989,0.594249430533072,0.186863858737808,0.0434879959836706,0.141721357425735
"178",0.0189085965537658,0.0303112374929844,0.686872717196689,0.238257434003223,0.0202746203650703,0.00537539438826798
"179",0.0141145852308602,0.00276526542964344,0.698546353874637,0.239595171302062,0.0360836972193751,0.00889492694342222
"180",0.0426859820569646,0.0299357226384253,0.624765058227341,0.226982907059224,0.0718719455636926,0.00375838445435222
"181",0.0107641039523406,0.00922557136749905,0.461977132517807,0.161886712944063,0.208089182206405,0.148057297011885
"182",0.00373151759447285,0.0191144966612582,0.676007853887468,0.256220530270596,0.00864768942520907,0.0362779121609962
"183",0.214009194540365,0.0104394939437017,0.567298915265504,0.110552636994892,0.0149486488772463,0.08275111037829
"184",0.180691039908238,0.0279535776993973,0.500479078413236,0.158054366217336,0.0836034967585577,0.0492184410032345
"185",0.0157603594063136,0.0155005234504235,0.603086385740971,0.227566999526738,0.0606989250411189,0.0773868068344357
"186",0.0876621546128165,0.0563217339530947,0.554348087733211,0.239361823264733,0.0118806103880459,0.0504255900480989
"187",0.00726372049651137,0.0508874248321174,0.66551026300054,0.173136150294249,0.0191780093542037,0.0840244320223786
"188",0.0628793279520615,0.00383040015490838,0.550956268395371,0.271104667100607,0.0561010397405637,0.0551282966564884
"189",0.113429025845187,0.113483108531874,0.396098776495013,0.0711760750080513,0.242343885366403,0.0634691287534728
"190",0.0138989441837942,0.0137797655900077,0.617527415552757,0.235115029665458,0.0185966953485193,0.101082149659464
"191",0.0299144026274097,0.0644786756368794,0.685475455459554,0.18514908626309,0.00443648081928072,0.0305458991937856
"192",0.0334061194789694,0.0765634988911675,0.58839729425043,0.18736196863708,0.040409295792055,0.0738618229502975
"193",0.00753559514225803,0.0122866787283435,0.680265751069643,0.226421541155777,0.029947426375112,0.0435430075288665
"194",0.000285851868543566,0.00422804978712984,0.642425389846495,0.224669422095069,0.0892617149530947,0.0391295714496681
"195",0.0401852270730066,0.0149952315176321,0.545062194513732,0.330333293180245,0.0265300476845617,0.042894006030822
"196",0.0447035089138273,0.0143438902197399,0.588083211472665,0.285411975886982,0.0437984260811929,0.023658987425593
"197",0.0222092079269922,0.00493140689285599,0.643115836477481,0.275786354249287,0.0292048936899379,0.0247523007634453
"198",0.0209223154120646,0.00662899272828673,0.576430344977582,0.279615761462991,0.114592668989645,0.00180991642943094
"199",0.11137339928282,0.00783107310625649,0.658374761598951,0.0507467701465236,0.0294163227713443,0.142257673094104
"200",0.00866364732083947,0.019196621102369,0.73529981866069,0.226658977210579,0.00591805632604487,0.00426287937947797
"201",0.0340276406550531,0.016899906435905,0.625376500577986,0.24701835866146,0.070934689516373,0.00574290415322251
"202",0.0657113933877111,0.0320606480867627,0.636071344906435,0.088797826620391,0.00710627898899282,0.170252508009707
"203",0.00578879099083431,0.0436324950022194,0.611702234255363,0.29641767680156,0.0352904272752088,0.00716837567481396
"204",0.0381528849325599,0.0110633898418746,0.723159456022821,0.202712306378684,0.0180809975330058,0.00683096529105507
"205",0.0458894194208054,0.0804747887212283,0.546822500653059,0.236431634006223,0.027501819418302,0.0628798377803822
"206",0.00603962080881544,0.0814764394654003,0.680398368161905,0.221814021557038,0.00135531960298891,0.00891623040385218
"207",0.0669748320866353,0.0293109563707934,0.508159598574111,0.246901177205772,0.0657236365514744,0.0829297992112139
"208",0.00323428903577077,0.0379029759729073,0.628432419510777,0.257610332063217,0.0172528324519727,0.0555671509653554
"209",0.0979181206923845,0.00171924229212027,0.62835996654154,0.198834998141799,0.0647954008677323,0.00837227146442422
"210",0.0585738235922972,0.00252642576672921,0.584677717039211,0.207053964821373,0.144395248371859,0.00277282040853014
"211",0.00187053436260937,0.00652292447100047,0.640202193017868,0.191756094203028,0.0431386511062555,0.116509602839239
"212",0.0933423976144042,0.00804235637993395,0.561941846471733,0.167380287836386,0.0452511415711277,0.124041970126415
"213",0.0184766717147964,0.0387382658045767,0.567745869812717,0.159105275499279,0.118143075536461,0.0977908416321699
"214",0.00298755924779457,0.0263310756207592,0.641641781618896,0.291587588183415,0.0122288157024929,0.0252231796266423
"215",0.0139346869649879,0.0587704246879207,0.640329103321739,0.124851667763175,0.085878269351187,0.0762358479109894
"216",0.00710794431667778,0.016116277523976,0.747073333248747,0.220208292246668,0.00565468420281402,0.00383946846111679
"217",0.016374773349348,0.0510315149781461,0.623316157781638,0.275350874493019,0.0179595361524952,0.0159671432453542
"218",0.0859585897464907,0.0661060661877418,0.58474906265388,0.096494375708717,0.0861508428585066,0.0805410628446639
"219",0.0804131414627879,0.118852275800207,0.499629669315443,0.112546136272192,0.0371064296832275,0.151452347466141
"220",0.0428896801658141,0.0313418968974793,0.63929769051032,0.225933108361742,0.0186118643150866,0.0419257597495584
"221",0.00532660066369404,0.0014145881585726,0.653029261504889,0.314149644394586,0.0213796647156515,0.00470024056260748
"222",0.0259987371477834,0.0149880043771387,0.626402408283018,0.30287130379789,0.0129066101372763,0.016832936256894
"223",0.0171272695837858,0.00947371993032353,0.645858122210719,0.304393291354917,0.00861395581464325,0.0145336411056119
"224",0.0988575893034862,0.129864916527467,0.46113499077064,0.171459767072598,0.131557211367004,0.00712552495880372
"225",0.0438023366414154,0.138552814168015,0.603533980753596,0.163582063349305,0.0399048986208895,0.0106239064667788
"226",0.0248731837198299,0.0705891133453374,0.423858253383309,0.263479763373697,0.141313794438639,0.0758858917391883
"227",0.0378535945451694,0.00473379881238924,0.611277603797455,0.266282205818023,0.0185291545762872,0.0613236424506759
"228",0.0804395461643191,0.00666831350605308,0.590903500514478,0.186267111078843,0.12115345983797,0.0145680688983371
"229",0.0721720719139502,0.0764298886782624,0.467499262325729,0.259729877269807,0.108038140936506,0.0161307588757449
"230",0.0432812737907547,0.00518341087170297,0.630464989686344,0.217020125955125,0.0363742660604929,0.0676759336355804
"231",0.0377894735869666,0.013709175922052,0.617891768298417,0.267459967000017,0.0126519780374938,0.0504976371550538
"232",0.0295817585324493,0.0201347714391497,0.624919599031897,0.25533689536222,0.0465531466533246,0.0234738289809591
"233",0.0154332223225889,0.0247442096155389,0.46979219687115,0.26751237401617,0.202408414643359,0.0201095825311938
"234",0.250281260014061,0.0245620114904692,0.44753101352391,0.232274043050049,0.028724449142083,0.0166272227794281
"235",0.00116792094987415,0.0652771142730556,0.658227257030428,0.201804261042854,0.00567393682139616,0.0678495098823919
"236",0.00300111030941903,0.0584299420488216,0.432212919791672,0.266502719984585,0.0443647672529793,0.195488540612523
"237",0.0069768050612453,0.0327953001546978,0.643990656262301,0.248130540970584,0.0315010826165695,0.0366056149346022
"238",0.00393194679701279,0.0178170322985846,0.689957753501572,0.254484491399457,0.0186193254125825,0.0151894505907916
"239",0.0708565647568464,0.00432709345382415,0.601073039687831,0.249913492313902,0.052900931136648,0.0209288786509486
"240",0.0183322788406923,0.0138952121949273,0.637463132234495,0.262754900719419,0.0264921845821369,0.0410622914283296
"241",0.0219697163780547,0.0331335190323684,0.674404114384526,0.239444409848806,0.028175199869998,0.00287304048624662
"242",0.0113094205374683,0.0208095246401278,0.516255711274856,0.171866441583313,0.273572394879347,0.00618650708488852
"243",0.0278106941197324,0.0678625192938201,0.600550304444534,0.165323435263331,0.0371719328633713,0.101281114015212
"244",0.00674184629099117,0.00921398645059063,0.714577202630168,0.221673960761533,0.0372908329625698,0.0105021709041469
"245",0.00293863323852006,0.0410479989168099,0.66368643539882,0.20576150968421,0.00254265644361537,0.0840227663180245
"246",0.0295919720518,0.0218740389202807,0.56826135861326,0.318412321253627,0.0530354634001252,0.0088248457609073
"247",0.0283921655399377,0.00327176155247624,0.639411030664696,0.230350184587444,0.0326353375864313,0.0659395200690148
"248",0.0248901640389608,0.0266194265729097,0.657123203920198,0.281827088993882,0.00786709857516917,0.00167301789888003
"249",0.296613279123701,0.0066562463141465,0.580335121652554,0.0905084094372272,0.00153040383849656,0.024356539633875
"250",0.0788172697101651,0.0261904974899641,0.554614108415391,0.101560257767583,0.0123013213595345,0.226516545257362
"251",0.104370126229947,0.0145101341385559,0.560147245031773,0.115723098539097,0.0728686627693803,0.132380733291247
"252",0.029160343047428,0.0733393723808893,0.571121406817236,0.229270577642768,0.0601002275572553,0.0370080725544233
"253",0.176810963391789,0.00544653648102284,0.53839976851685,0.154213052036827,0.0904064010812641,0.0347232784922469
"254",0.0207265312387223,0.025854190349538,0.572560862775585,0.140759067426069,0.0210790299403557,0.219020318269729
"255",0.0116485914174476,0.0414679435794894,0.630201922948835,0.263037086812622,0.0321237595672829,0.0215206956743221
"256",0.0268221504403609,0.012048942490276,0.698176177428134,0.233419908976202,0.00570579850990239,0.0238270221551253
"257",0.0158762971757112,0.00608412027080477,0.633621335044846,0.272769104833826,0.0601116101832419,0.0115375324915693
"258",0.0383935951203543,0.0117154236750632,0.635883149585998,0.274721650291154,0.0090981515545547,0.0301880297728755
"259",0.0144372857830206,0.0057431511663145,0.664243003873306,0.267095743032859,0.0399111499352573,0.00856966620924219
"260",0.0183706707006045,0.000289413786259095,0.661062378095311,0.241268552213533,0.0015837578491559,0.0774252273551369
"261",0.0178274791046354,0.00328708009145406,0.598819833061296,0.253978145784472,0.109921125716605,0.0161663362415374
"262",0.0150142917369153,0.0357984596636256,0.637179915551338,0.248171253600075,0.0231871641219439,0.0406489153261015
"263",0.100274334187914,0.0102774705709317,0.566047594142235,0.188041192638915,0.106025002537523,0.0293344059224813
"264",0.0273744801068201,0.00510132692773515,0.612115852981841,0.216667549338089,0.0585572774078202,0.0801835132376942
"265",0.0566282205598835,0.00851526563903899,0.620550639131603,0.229913433452993,0.0643694339579589,0.0200230072585233
"266",0.0201151601396634,0.0296559844226502,0.608418240618034,0.206329176422509,0.0711098243018631,0.0643716140952801
"267",0.0444029859378853,0.00576995090616873,0.564181334581754,0.20447128740033,0.134736621764052,0.0464378194098102
"268",0.00585709497081014,0.00406588635449524,0.60175445591136,0.193885111586374,0.161245669749148,0.033191781427813
"269",0.0940556029906846,0.0362595149830947,0.597571069513943,0.245076708956416,0.0201109739191979,0.00692612963666385
"270",0.099348259089219,0.00352100206758209,0.550603966541682,0.174138416896936,0.13028836129918,0.0420999941054016
"271",0.00352140399056511,0.0590127395024415,0.693605812624121,0.213757110154873,0.0044250587987598,0.025677874929239
"272",0.0946013405041842,0.0112157938867533,0.525460655163076,0.253394704597854,0.0716483619259726,0.0436791439221596
"273",0.0216168931790727,0.0261168761661253,0.581736109429573,0.165941470307017,0.0495360581291691,0.155052592789043
"274",0.0589188619247296,0.0116292269260983,0.604717045405846,0.285045550514696,0.0315008201265903,0.00818849510203961
"275",0.0438994187372663,0.0494210116597397,0.6456783329218,0.219355813597942,0.0402434200131288,0.0014020030701229
"276",0.00207500680093136,0.0358451283002553,0.700593073314955,0.208433385669615,0.0165894221260444,0.0364639837881992
"277",0.102450084190591,0.00183239996339653,0.662678633573685,0.193353988678815,0.0128186844734226,0.0268662091200896
"278",0.0348112262157608,0.028438974395601,0.649178485273853,0.212180978104726,0.0736621110845784,0.0017282249254805
"279",0.0984504834313771,0.0145118025389814,0.521346487394132,0.19939633686604,0.149780413451455,0.016514476318014
"280",0.00317971149995191,0.00351764283251795,0.630364882752277,0.268998522655535,0.0416931840883047,0.0522460561714135
"281",0.0448194297569875,0.0111495108310646,0.672191379872242,0.186287982521104,0.017331355943437,0.0682203410751658
"282",0.0823461980576486,0.00711172119824488,0.626576093303419,0.242938015878509,0.0199808577353088,0.0210471138268697
"283",0.0254055750518227,0.0475967863428429,0.429522205483928,0.273477290274629,0.103861182099647,0.120136960747131
"284",0.0155425400106122,0.0800834511063078,0.589043465285124,0.169321834185873,0.0440239460965757,0.101984763315508
"285",0.0592514872975637,0.0195781437157833,0.572551023050389,0.200376053376787,0.0409213962378799,0.107321896321598
"286",0.0964292241594679,0.0196374260059208,0.628994288392024,0.159720527820971,0.090712852620708,0.00450568100090817
"287",0.00901690650216222,0.0172339036298907,0.727581951630313,0.212012552208529,0.0180783388110518,0.0160763472180529
"288",0.0640063755299895,0.0239401630431195,0.62385060399152,0.215130032130594,0.0102889672749128,0.0627838580298644
"289",0.0806587719580748,0.0137819448970361,0.637026813168223,0.23963639827489,0.00337885183004765,0.0255172198717293
"290",0.0141040570752656,0.0138363818066247,0.70681863423167,0.215740478504433,0.00509946656618336,0.0444009818158235
"291",0.0197109546239621,0.0679494828603616,0.655903178714102,0.208431893248535,0.0137179860337933,0.0342865045192462
"292",0.0087998732675912,0.0219159178643842,0.637649776553056,0.230518828883525,0.00381249968952151,0.0973031037419223
"293",0.0104272533448957,0.0123512813142151,0.660066566172366,0.249787856524443,0.0353354748456699,0.0320315677984097
"294",0.0253324674219067,0.00419394957306552,0.634480191522533,0.266738533579566,0.0152293040970777,0.054025553805851
"295",0.129140677753883,0.0277967936214446,0.605302814550418,0.204441563069253,0.0157550542515456,0.0175630967534567
"296",0.0796927399340211,0.075160264223656,0.568742223507263,0.178768776093182,0.00988164601750386,0.0877543502243743
"297",0.00472507416790178,0.00520749231732759,0.652763004165663,0.305400026470611,0.00994603168944105,0.0219583711890552
"298",3.40327344488264e-05,0.0728983246315527,0.684642359380801,0.23121058669526,0.00638480947694533,0.00482988708099182
"299",0.00549379734068257,0.124950235992005,0.508404333841933,0.281589877309153,0.0763789415151431,0.00318281400108274
"300",0.0120894392264835,0.0641682628728211,0.52635758043221,0.249249774320915,0.0947897951135848,0.0533451480339851
"301",0.00572306952361936,0.0107450916897765,0.672915897617423,0.209477318198024,0.0399303254532668,0.0612082975178905
"302",0.0320511023293696,0.0949795420443168,0.529919799093573,0.2517896746302,0.0378218523874626,0.0534380295150773
"303",0.0393714686210355,0.12784914412209,0.616233992364057,0.195178156654318,0.00750060658137867,0.0138666316571213
"304",0.0131168179053745,0.00459555606068339,0.660197534457969,0.298820714515864,0.00718046494100239,0.0160889121191069
"305",0.00232406622292485,0.0166408915734945,0.571912977360922,0.310514315693948,0.0463743606274305,0.0522333885212805
"306",0.0113649467994924,0.00376003950648877,0.612617042193581,0.30563786458743,0.0530092259062662,0.013610881006742
"307",0.00330304169959317,0.139424603130809,0.543049748092007,0.181737431853666,0.0046861276920061,0.127799047531919
"308",0.0345952161275109,0.148601570420537,0.620366440270286,0.119569038597797,0.00936593153553168,0.067501803048337
"309",0.0674208884476065,0.00289496021490939,0.630059971073987,0.216642169285002,0.0392347118776235,0.0437472991008722
"310",0.0249842793801791,0.0252405819273262,0.695839656936512,0.239892336050573,0.00280113619460605,0.0112420095108041
"311",0.0957377494904518,0.0835686260415614,0.607060001941186,0.158427885831434,0.0219300581631496,0.0332756785322169
"312",0.0198372704574508,0.00249396447822652,0.72870494460932,0.159150842080798,0.0402815870000323,0.0495313913741728
"313",0.00496912344328782,0.0476331200344975,0.673741325828067,0.268752872540321,0.00253192319360585,0.00237163496022064
"314",0.00427589702244505,0.0819148589135218,0.63156911779723,0.263346858706445,0.0101777948736154,0.00871547268674286
"315",0.0844251292987925,0.0369929551070589,0.515598860056397,0.22613976905254,0.10650849541503,0.0303347910701807
"316",0.00894090188313258,0.00881087050539159,0.529006960493469,0.259279200101295,0.137034172344945,0.0569278946717667
"317",0.0415030572819348,0.00752976709448159,0.647586448782773,0.230281782169373,0.0572389914953732,0.0158599531760645
"318",0.0219866291921501,0.0943067297110214,0.601765093624849,0.248047489387104,0.029735953058509,0.00415810502636708
"319",0.060069237799445,0.0110639373767056,0.639756063206682,0.18545421468487,0.0822858436530045,0.0213707032792925
"320",0.0455419776468164,0.076327119655021,0.637243370640512,0.154651203336619,0.0324265594670125,0.0538097692540197
"321",0.0455790259268585,0.00835512241899604,0.516077829944983,0.265197313455612,0.131364569763765,0.0334261384897855
"322",0.00286989315482236,0.0108219066444674,0.652660338776141,0.263196417489601,0.0444246219796161,0.0260268219553517
"323",0.0321827066782657,0.00496838555579381,0.644266617447433,0.220487446109141,0.00501648767559445,0.0930783565337717
"324",0.0824914232840405,0.0114360418012818,0.506249399460321,0.0939513362924066,0.0563299739562657,0.249541825205684
"325",0.032998885477009,0.0602930556385686,0.617474673815535,0.208241987108873,0.0195750480795664,0.0614163498804471
"326",0.0691106421861252,0.0513370971740291,0.533449782232447,0.300738936552558,0.0316520422423786,0.0137114996124627
"327",0.113917517003722,0.0125632407713435,0.532296905420448,0.212672145587057,0.107717068569315,0.0208331226481142
"328",0.0175682310921452,0.0476568904589234,0.563489972535212,0.233414135014607,0.0423727335338762,0.0954980373652365
"329",0.0381070403663258,0.0215869096497806,0.661803820955767,0.252002184451397,0.0136264725949411,0.012873571981788
"330",0.00139121745989328,0.0172323272940256,0.685725156489204,0.162699326664116,0.126516732693639,0.00643523939912168
"331",0.00778143664887625,0.0463272188125252,0.650657953338559,0.17137245937232,0.0429739569982576,0.0808869748294627
"332",0.134244330908675,0.0264524513434421,0.507300552393529,0.108326341092334,0.0330950554188871,0.190581268843133
"333",0.00831427682327615,0.10231666254914,0.619963665819432,0.234021170427972,0.00481312660596507,0.0305710977742147
"334",0.00208259357883898,0.0201600261957162,0.622187956977445,0.224447476572346,0.102087660058397,0.0290342866172564
"335",0.0407723630951807,0.046360286289023,0.535992077876943,0.321063975858427,0.0320407067034516,0.0237705901769744
"336",0.125332386168805,0.0884105699733742,0.438048191818425,0.123986213049719,0.189757062943762,0.0344655760459145
"337",0.072857190202833,0.0597270502304549,0.582712650655552,0.230749585732109,0.0204583400883065,0.0334951830907438
