"","V1","V2","V3","V4","V5","V6"
"1",0.107549339619181,0.0623797916633588,0.371633715512171,0.0167779295556365,0.245489750954091,0.196169472695562
"2",0.170737677986755,0.0649038480242455,0.279260867208274,0.0322224523297597,0.451983021776389,0.000892132674577584
"3",0.0783856992796993,0.422659392918346,0.200012456001976,0.0294738375332067,0.263962790619347,0.00550582364742498
"4",0.145495142530686,0.272511003931234,0.179831646867914,0.0427784646734894,0.17939744564007,0.179986296356607
"5",0.0211933751735042,0.434987987961502,0.0906953202525099,0.0160628635995894,0.436733832205866,0.000326620807028806
"6",0.211696144481464,0.267810473163087,0.17416395837991,0.0699441097066348,0.139621062635954,0.13676425163295
"7",0.0970245594266601,0.281094473486554,0.255868146398997,0.00825500576975443,0.257067375130764,0.10069043978727
"8",0.104501199535371,0.0229250004902049,0.581248106347857,0.0341915821888549,0.206657980891914,0.0504761305457982
"9",0.187512454971678,0.273518616894071,0.220578209691541,0.137619176966919,0.104593120502782,0.0761784209730106
"10",0.0900625756207713,0.130885920061273,0.32782356452602,0.00384739861008712,0.119930994402846,0.327449546779003
"11",0.332570134566397,0.345861831822709,0.23173616761612,0.0107902011423364,0.0425896670687611,0.0364519977836759
"12",0.331233670039521,0.0972706202015439,0.270140350106243,0.0498487145237907,0.0758585816872809,0.175648063441621
"13",0.257449436541137,0.0477851357732799,0.354217573992422,0.143155228839883,0.0839605564360505,0.113432068417228
"14",0.119104203875183,0.0541670280907148,0.152118542714121,0.0591797679727041,0.535052174875813,0.0803782824714641
"15",0.155943093539837,0.208919807284032,0.375180942746843,0.00421414780667883,0.209415029040509,0.0463269795821006
"16",0.208570764605974,0.0140462474607623,0.367524516179175,0.0638807065571169,0.284921224992807,0.0610565402041645
"17",0.015923268962575,0.160094111576151,0.361066199208879,0.0317881197085261,0.355130085027298,0.0759982155165719
"18",0.0589950478792243,0.205026778076148,0.0928779450516663,0.0252797827697221,0.602069494151179,0.0157509520720603
"19",0.232365907034294,0.202642654678951,0.288026900469694,0.0163769619184074,0.00790098392135214,0.252686591977302
"20",0.175880454243334,0.147096962496801,0.504263140159053,0.0352698995975478,0.137276363212855,0.000213180290408868
"21",0.0505319585677129,0.180371774760271,0.737396714377098,0.00919689885740768,0.017166554605409,0.00533609883210168
"22",0.0690531387778834,0.204455444954794,0.256612573841469,0.00326562128499472,0.217326789558336,0.249286431582523
"23",0.292099894783732,0.373628490286188,0.147465090509846,0.0801237528549646,0.0976250830847718,0.00905768848049773
"24",0.0453626105519889,0.00841358482368292,0.396506225502981,0.110060481848254,0.383722121580377,0.0559349756927161
"25",0.0567433408605788,0.183423035684849,0.426953933259394,0.0357838345689831,0.295731810443203,0.00136404518299167
"26",0.158503611203022,0.12812926337656,0.423474616376499,0.101874596005775,0.0872851560927512,0.100732756945393
"27",0.0745413199148874,0.158938946083721,0.369692348392783,0.00858615565384605,0.213813835265091,0.174427394689672
"28",0.0547037577407334,0.347207721380548,0.342595200006672,0.0321547423633194,0.169168134968437,0.0541704435402899
"29",0.0668224329620081,0.0918982891153099,0.314838036419158,0.128075961859981,0.395246036989874,0.00311924265366889
"30",0.0843984156236944,0.0863600053900651,0.415930043248657,0.0218117577316328,0.282228517694851,0.109271260311099
"31",0.0222589699095738,0.150373401206985,0.227591340674877,0.00250375424561754,0.494707900138906,0.102564633824041
"32",0.158642534507654,0.193885082686211,0.290659665562549,0.00198108159329296,0.193362728355391,0.161468907294902
"33",0.250465576192391,0.392783985277636,0.0350986826407892,0.0486741685025687,0.17479858008718,0.0981790072994345
"34",0.0940487799733156,0.188976608088636,0.0701183944843511,0.0227818974159369,0.589021820027666,0.0350525000100939
"35",0.167722650848936,0.341177454089374,0.347387396952682,0.0407136015681127,0.097621464968865,0.00537743157203107
"36",0.0844559896215765,0.507768139777134,0.167055284640163,0.00609858292835498,0.218647424194035,0.0159745788387358
"37",0.130644667516421,0.0876747544837487,0.373361629794262,0.0294736582988604,0.301077793933564,0.0777674959731435
"38",0.283427452849356,0.0295520861639783,0.0446091648533078,0.0140212514493122,0.561317923307746,0.0670721213762996
"39",0.00344489817643607,0.419946801577899,0.235718730180365,0.0690232370510083,0.240259798795737,0.0316065342185555
"40",0.0828608034494744,0.661958685188806,0.0414448160600327,0.0223378935040077,0.0593292980167883,0.132068503780891
"41",0.0150119810840955,0.350884027768639,0.446291895406596,0.0283445544952246,0.109706487122767,0.0497610541226777
"42",0.124159419240386,0.0787085459722844,0.383883446858089,0.055981969434611,0.292203907596227,0.0650627108984027
"43",0.046819700292633,0.0911845980215796,0.44812945613219,0.0977009870191001,0.278220470665807,0.0379447878686906
"44",0.547435169873715,0.206858256351067,0.0153882981842943,0.0928451687876143,0.0123782418615385,0.125094864941771
"45",0.179802430312425,0.0789997564122776,0.45161157448548,0.124333822190268,0.144336403420479,0.0209160131790701
"46",0.078963052465858,0.234493924754776,0.322771856264083,0.0349099307799593,0.288313652921085,0.0405475828142383
"47",0.117223115111058,0.289994398258487,0.139476591444535,0.0563057168862417,0.386679284844084,0.0103208934555948
"48",0.0712262555864348,0.162960251477956,0.521264187636777,0.0680406552771482,0.116576783343006,0.0599318666786773
"49",0.0994078291630082,0.211664782967304,0.276179103104823,0.00155543922519585,0.236666286864119,0.174526558675551
"50",0.174542630620215,0.332398586039877,0.345065911229271,0.0817557758692325,0.031522603210744,0.0347144930306613
"51",0.0380132922227828,0.0855532100370842,0.49970439241028,0.0462710127098918,0.204824038315666,0.125634054304296
"52",0.213134286182079,0.0801287545508967,0.442554087853821,0.0195110101931193,0.0200344621355336,0.224637399084551
"53",0.0486961925942849,0.319209792582215,0.342460776443245,0.0244969058413647,0.0720141419855822,0.193122190553308
"54",0.118698550499212,0.212354043950473,0.399803518665321,0.0956043126229537,0.132281133886577,0.0412584403754638
"55",0.374248030863025,0.031104817572602,0.319135593051284,0.0134218614187688,0.247790782625395,0.0142989144689249
"56",0.197284569459997,0.04481376545243,0.292960081488641,0.0648300903772128,0.355899660759015,0.0442118324627045
"57",0.377240299006514,0.0982934777613483,0.454201725901837,0.0144932920685821,0.0462699566061598,0.00950124865555831
"58",0.167701817569165,0.47512890952451,0.106798510217978,0.218258119280203,0.0104244244230779,0.0216882189850651
"59",0.438455879575483,0.000133533349302071,0.440396407067078,0.0134257196558942,0.00229597670891052,0.105292483643332
"60",0.244046535160956,0.0196574227950938,0.472823519603802,0.0671220655939558,0.103731663833476,0.0926187930127156
"61",0.169424052129634,0.0532848377639085,0.398176909493869,0.0500049259882632,0.257304945753496,0.0718043288708285
"62",0.00576145007487159,0.223414960830135,0.0919087810324791,0.0144596008301079,0.454665401042142,0.209789806190264
"63",0.370521582657807,0.141703731192851,0.36464341197777,6.64934018509951e-05,0.067427365055799,0.0556374157139209
"64",0.0349733209435966,0.242093162270701,0.133302870583883,0.0215418999268709,0.51641831425222,0.0516704320227288
"65",0.160286726463921,0.326643538997659,0.408449096012653,0.0681619565420315,0.00570050691211982,0.0307581750716159
"66",0.179889032227602,0.152268295107709,0.212012447982487,0.0293131740217514,0.373555373784214,0.052961676876236
"67",0.0746595717960172,0.101957071050745,0.284427163001256,0.0354584032603168,0.224239592759561,0.279258198132104
"68",0.0693969244322681,0.0548744846234452,0.411506883864324,0.151907695151475,0.0434668330295039,0.268847178898984
"69",0.0211781611386223,0.522460266046936,0.287192862722094,0.0387423872877717,0.0723117804814776,0.0581145423230985
"70",0.3935015434566,0.0866307724996122,0.386211702558142,0.0196212376645063,0.10903534405478,0.00499939976635994
"71",0.28835632480693,0.2215445434433,0.182198961682768,0.0232083153258388,0.00452524699757822,0.280166607743586
"72",0.0220015492640994,0.125972096664325,0.00682998230971061,0.0062265330291438,0.794626303334165,0.0443435353985557
"73",0.0247684075376791,0.519752308424432,0.297528571800949,0.0356317871648619,0.0422050630463031,0.0801138620257752
"74",0.104224185040382,0.104330455653009,0.444192184102849,0.0962227326036871,0.0693719104676146,0.181658532132458
"75",0.217280480413254,0.287981339754302,0.146333054628821,0.0335792989534411,0.154227358075097,0.160598468175085
"76",0.513139021289229,0.0325926214005688,0.135354770875776,0.0342353269101426,0.131219023484802,0.153459236039481
"77",0.0673124580904062,0.310677219855447,0.34744673923153,0.0171350904662705,0.240757668630509,0.0166708237258381
"78",0.395597040253225,0.0322578603242753,0.254622258558033,0.0528761146356623,0.199741073343668,0.0649056528851353
"79",0.090799991680889,0.238295039850251,0.158977989088467,0.0166588206325194,0.304876347484705,0.190391811263168
"80",0.0180721841767012,0.0915195723689404,0.156477008281872,0.00663789131399633,0.7065811747376,0.0207121691208896
"81",0.305581556251505,0.312298303189235,0.241126129375086,0.000446396655970062,0.0236901029287807,0.116857511599423
"82",0.225262428399771,0.0198088879973208,0.41990120245133,0.0598604401820932,0.224425729328374,0.0507413116411103
"83",0.130215672744733,0.0958213366947767,0.535576102357252,0.13812934427781,0.0311667473199862,0.0690907966054422
"84",0.0484329444595102,0.0382189311275633,0.24094413083178,0.0757489558903522,0.511448385995787,0.0852066516950081
"85",0.103418245302029,0.360603525832742,0.178362007591001,0.00717204420934725,0.133523551762008,0.216920625302873
"86",0.169196108273492,0.164966139267818,0.244345213529253,0.0244334930298689,0.271097401274202,0.125961644625366
"87",0.0017267575962329,0.318748604701758,0.273872185531281,0.0454365515132234,0.268087611560355,0.0921282890971489
"88",0.228985528812591,0.0844961198483637,0.546988410721986,0.0439024223226348,0.0440792247760237,0.0515482935184007
"89",0.094459022077838,0.199088841261812,0.389560459209365,0.0518765677729124,0.134408796397048,0.130606313281024
"90",0.143841306681011,0.243124116685073,0.197097537557582,0.0177297429462266,0.392979694061802,0.0052276020683057
"91",0.205177467723223,0.492621920937409,0.0560498324420552,0.0727133498693762,0.120132368132989,0.0533050608949475
"92",0.136504597541617,0.0158183113380167,0.173160197040907,0.0266213179017634,0.501022325500738,0.146873250676957
"93",0.125812341222196,0.466616976458796,0.0206535144241032,0.0680416412938639,0.307346597081898,0.0115289295191435
"94",0.261651105831183,0.0921079423031714,0.52833820344777,0.0361314500159824,0.0714139874642414,0.0103573109376513
"95",0.0694204829817163,0.30274409060817,0.327903261385256,0.096199939147241,0.173255916047437,0.0304763098301796
"96",0.216723390638138,0.0368490377793185,0.423099480564071,0.0366243969221899,0.25625085320316,0.0304528408931233
"97",0.154728085332668,0.315813041069339,0.19408598791467,0.159875615263816,0.123250892043916,0.0522463783755908
"98",0.161833766295736,0.206965991042668,0.104466517813105,0.0111641041353917,0.419482611794653,0.0960870089184467
"99",0.497894907555445,0.0409039318193174,0.0645827640049177,0.0465686021409069,0.114135511817619,0.235914282661795
"100",0.27158747057197,0.034489681452863,0.230850582497802,0.0557034911112168,0.34709037755737,0.060278396808778
"101",0.224596322928557,0.284822487960844,0.311590863793045,0.127192639993729,0.0361851973475875,0.0156124879762375
"102",0.0749028015890425,0.390697174970882,0.426586907138058,0.0365716250497603,0.0611374245137481,0.0101040667385091
"103",0.100877570147015,0.269987512467161,0.382359985532469,0.0311131269108606,0.172715467772353,0.0429463371701418
"104",0.00324763583969815,0.0474135262096094,0.513137148585318,0.0579041770878806,0.148308576257895,0.229988936019599
"105",0.136409627507466,0.211013960543773,0.106182623807851,0.0413145794148278,0.371280629714182,0.1337985790119
"106",0.0961833791955561,0.241905724392677,0.32820980794332,0.038248702166209,0.250199959132908,0.0452524271693287
"107",0.373189425954111,0.0528183041261073,0.249600695452504,0.0481861150566979,0.247256400473346,0.0289490589372342
"108",0.0496128713666151,0.107342578823398,0.224212460728101,0.0310215177420975,0.31441266198967,0.273397909350118
"109",0.271871123561058,0.024386542962539,0.522631389213962,0.0617126087853519,0.0123674364619661,0.107030899015123
"110",0.122298810607706,0.108745340820476,0.540428911633165,0.0220231913570047,0.153815317575967,0.0526884280056815
"111",0.204424582297806,0.0512955163926437,0.0173279258244956,0.0134030534892294,0.448261111760869,0.265287810234956
"112",0.10714262331675,0.263110818470444,0.278384378140894,0.0150755853345408,0.283595491202799,0.0526911035345731
"113",0.255016443485451,0.437835851552827,0.146486350744287,0.0179951083676537,0.132182646190422,0.0104835996593598
"114",0.079494622008658,0.183409270402613,0.0363916972026156,0.0388990562855397,0.460227467454754,0.20157788664582
"115",0.183197800197845,0.16991632286724,0.281799202939684,0.0132104518118948,0.33782468811997,0.0140515340633659
"116",0.00693967585313295,0.429812785311652,0.316562052409349,0.00781883993696476,0.2244238902483,0.014442756240601
"117",0.0686838624535924,0.29386136562269,0.375201481586802,0.0207629308459495,0.147936812745651,0.0935535467453145
"118",0.0946275353705095,0.103939734437083,0.359471447934924,0.0382608217901778,0.3560383415921,0.0476621188752057
"119",0.201381978527793,0.348343441013804,0.0685442167026583,0.0384373854601423,0.272666980928158,0.0706259973674448
"120",0.0537744038605535,0.408598337389579,0.297296097441489,0.029737746356444,0.1820779197003,0.0285154952516353
"121",0.0190708773109634,0.0169837237096519,0.389923847725334,0.166637795871612,0.325093068045501,0.0822906873369367
"122",0.0347485498687944,0.175567640559362,0.239449958473789,0.0683065958704126,0.397959136216729,0.0839681190109123
"123",0.0420391100302003,0.223765720716171,0.305165629953614,0.0326945509139428,0.367401762690882,0.0289332256951905
"124",0.127327998221608,0.251009455560399,0.3349597917677,0.0424140996242096,0.239577570498001,0.00471108432808267
"125",0.0426690906559634,0.0143159398966657,0.443311685761678,0.179729855517966,0.285394138587159,0.0345792895805687
"126",0.000808715123123082,0.0916453532524326,0.286002973347115,0.0730025129041113,0.437551746564297,0.110988698808921
"127",0.41025765912369,0.126155688401139,0.0841148202183999,0.0843610865596537,0.00471447689788351,0.290396268799234
"128",0.339869799538874,0.129474342162139,0.276534227173306,0.0201647655442864,0.0914528498300134,0.14250401575138
"129",0.0434577439951625,0.501606505970068,0.24322497133701,0.014582564966396,0.181240470455125,0.0158877432762395
"130",0.256284720038263,0.338005488693816,0.214138025936034,0.0273607986975494,0.107599893902761,0.0566110727315755
"131",0.17067135776643,0.144369056947535,0.123280686024326,0.00116663338164451,0.523094714637824,0.0374175512422405
"132",0.122356239590066,0.212821874516722,0.431033064798739,0.00358915232588758,0.0753271154818318,0.154872553286753
"133",0.0668080888713181,0.144117263127442,0.290575649808313,0.0158259784721345,0.463470201029181,0.0192028186916122
"134",0.00400846844857189,0.00681867472241339,0.142425051505968,0.0248944696822125,0.688035297462189,0.133818038178644
"135",0.0668841206992125,0.00507762191490835,0.117506984851517,0.040880530969124,0.443152484818608,0.32649825674663
"136",0.0875699459986914,0.167785506612377,0.523702040716106,0.0318667278298037,0.00611691000179521,0.182958868841227
"137",0.0293707775531467,0.366839808849685,0.458563682430986,0.0373648843866611,0.050099329974734,0.0577615168047877
"138",0.204610001672713,0.132386473063871,0.412105718241133,0.0211158509851711,0.146176371044257,0.0836055849928542
"139",0.0278221872071669,0.314706470851677,0.346317543491751,0.0776522219483744,0.0701207839453881,0.163380792555643
"140",0.141365574559609,0.000312007340380767,0.395583657880148,0.132017266616414,0.241777280769582,0.0889442128338661
"141",0.152039699626126,0.216742382898704,0.0707994357669098,0.00931180384828344,0.500003740541376,0.0511029373186001
"142",0.153441960362419,0.00808036041797231,0.463922269026314,0.142883098064512,0.211057186656992,0.0206151254717911
"143",0.0343820636001513,0.102354465615632,0.173153897810745,0.041907895731782,0.642432430184551,0.00576924705713916
"144",0.0294509532596389,0.0495580456080162,0.308216618230002,0.00127446913595682,0.492452590122788,0.119047323643598
"145",0.0879890815497092,0.127883713299676,0.419610247393824,0.0630207303172076,0.292055266146897,0.00944096129268643
"146",0.173214048268315,0.0647557531413088,0.373827520573819,0.0890094674793522,0.296709182019494,0.00248402851771084
"147",0.200870109398381,0.173231291200955,0.580744669024239,0.0372125137450806,0.00476474108584797,0.00317667554549608
"148",0.0569985575198589,0.221949342758569,0.314592242823787,0.0119724676092391,0.368481844754576,0.0260055445339697
"149",0.588201240103714,0.147722928315674,0.00552333944196977,0.0825083469693538,0.0146485081616888,0.161395637007599
"150",0.119262433562367,0.250256014559074,0.0564240684862822,0.0889163345024155,0.463660467265642,0.0214806816242188
"151",0.23004093217019,0.00533276880075726,0.584139753759003,0.0313587829126081,0.0136570585274676,0.135470703829974
"152",0.0627935451606237,0.151373604599544,0.506433056046698,0.0714262279809955,0.16955178384469,0.0384217823674493
"153",0.410579739669957,0.083134762429789,0.247330323337939,0.0759081753166197,0.0311221488621293,0.151924850383566
"154",0.0768761339642618,0.230723171249149,0.365927072101157,0.0492910122022523,0.185026160107681,0.0921564503754981
"155",0.478007632270629,0.105936721650522,0.275241949734614,0.0873323898102598,0.00962421435394152,0.0438570921800333
"156",0.225870293910934,0.228236889381169,0.382923250922414,0.0243858280860495,0.0807043709623266,0.0578793667371065
"157",0.152649460690053,0.386602689735669,0.352486033649473,0.0461053839593386,0.0120273130568116,0.0501291189086551
"158",0.304133836865074,0.0933842624153786,0.339478891810398,0.0179423005432506,0.182512345336972,0.0625483630289276
"159",0.0214494286242121,0.0148684846050478,0.490267382795564,0.30913576184323,0.137176883588014,0.0271020585439324
"160",0.159030535143786,0.0983388339646574,0.273377925266133,0.00884092362356787,0.433927303581359,0.0264844784204967
"161",0.0146077952075869,0.122238067774435,0.699401669532185,0.0756423061448477,0.0866759652662862,0.001434196074659
"162",0.199910470102293,0.0800615469408887,0.266873346291764,0.0127869809772268,0.274095292857584,0.166272362830244
"163",0.0451478098100609,0.169781088460962,0.486167067644041,0.0679720187163388,0.150504943269176,0.0804270720994218
"164",0.092563570198616,0.176076289517906,0.488731457351874,0.0238042366837148,0.142682261857631,0.0761421843902582
"165",0.0180412618095877,0.041994636393904,0.528070310649841,0.029613503072091,0.0136234853549055,0.368656802719671
"166",0.343393193538929,0.0143043286681481,0.530555349048778,0.0411819850678816,0.0120298599722036,0.0585352837040597
"167",0.0159416701351517,0.13862258279583,0.428225478735744,0.0458677779667954,0.260652018514013,0.110690471852466
"168",0.0923524497069514,0.192791641558226,0.284141222197813,0.0845539828219194,0.210064019776019,0.136096683939071
"169",0.0122011425954276,0.411818954419341,0.265077472671118,0.0441790193988839,0.157634475103559,0.10908893581167
"170",0.191183398579094,0.136570429330474,0.3539728014259,0.00876731589201528,0.146907737377215,0.162598317395302
"171",0.16987343808505,0.21496514452129,0.330757506918773,0.0956513454236577,0.12044940359729,0.0683031614539402
"172",0.42068249909491,0.0408391841306096,0.0254627792303764,0.0222486011325737,0.46532362561153,0.0254433108000003
"173",0.187379089415876,0.226407557310673,0.328609469924619,0.0683174035276864,0.0020371808004115,0.187249299020734
"174",0.0338690449349028,0.0130170689959554,0.13900277579168,0.0562138548131699,0.732802589738599,0.0250946657256933
"175",0.348923762619928,0.242260778449268,0.0688096105075576,0.0373032137971961,0.218846077292366,0.0838565573336839
"176",0.169035885256956,0.195573346230068,0.0698315871536626,0.0147308525567875,0.528763663442252,0.0220646653602738
"177",0.0589429312862059,0.0732392001668065,0.156933434768413,0.028735979483305,0.675494799458061,0.0066536548372086
"178",0.222658457182212,0.0623250575268058,0.369441013490861,0.0550251494969061,0.20854526013289,0.0820050621703252
"179",0.224912585943926,0.60939859844615,0.033802461254194,0.00423743107856439,0.08358672294918,0.0440622003279856
"180",0.0203811623221617,0.42140215521688,0.424060881948,0.111204574808475,0.0188534555322166,0.00409777017226659
"181",0.238253859146375,0.261642841694454,0.35834765207428,0.021226360625339,0.080845941029112,0.0396833454304401
"182",0.108067831884869,0.29226365868467,0.272222539443549,0.0135628409651522,0.154622903413902,0.159260225607858
"183",0.000981469529223926,0.29290053990772,0.217190736018361,0.0662663478618095,0.370096891957023,0.0525640147258627
"184",0.0937839728331302,0.691825577702402,0.103813796771494,0.0939729938334268,0.00789120205810327,0.00871245680144453
"185",0.0283291949306871,0.189507074112596,0.376506251051139,0.0151326108068795,0.308923299958628,0.0816015691400697
"186",0.0278477544565299,0.294258391400971,0.30580541571651,0.0653401871399405,0.0726389539032547,0.234109297382794
"187",0.452471001442025,0.166269454580925,0.133033531784227,0.0672019995985536,0.164933974488004,0.0160900381062661
"188",0.309422861043321,0.0649693110375595,0.237623228471459,0.0907380079522519,0.294661724738452,0.00258486675695668
"189",0.0417460880929989,0.2157771942992,0.356531451971437,0.0886602564819075,0.255458175399473,0.041826833754984
"190",0.0801989090719956,0.00155940747086635,0.383272824097156,0.0528106990355906,0.399584578164955,0.0825735821594359
"191",0.310977318709291,0.104766872490408,0.334268652621075,0.0392021462559717,0.181248076484863,0.0295369334383915
"192",0.0750306723985349,0.255996994125237,0.0224455505992508,0.00191038293430359,0.604919308904477,0.0396970910381975
"193",0.121755256064747,0.0948030682049738,0.462075331992944,0.046078744097489,0.0538541526763113,0.221433446963535
"194",0.0274157673417663,0.483850678566059,0.233020027567244,0.00546192958602939,0.0426436022858543,0.207607994653046
"195",0.0110926161146172,0.367988547391416,0.296391128980078,0.0309450791608866,0.240640370780764,0.0529422575722384
"196",0.0149026644164119,0.477115623069948,0.197141437322966,0.00159772202249026,0.107163891223161,0.202078661945023
"197",0.0762688085405473,0.123392781781046,0.294860266941067,0.0253902459187378,0.429906492091567,0.0501814047270357
"198",5.80384458863438e-05,0.261543655358081,0.116867717353389,0.000774445161082235,0.565316946957217,0.0554391967243446
"199",0.107890129396965,0.0510750441429265,0.0927698846370856,0.0253314727574429,0.722654795936197,0.00027867312938282
"200",0.046329955311508,0.00621823180272801,0.355889748526081,0.0456931916420898,0.532665164111262,0.0132037086063312
"201",0.31588090854192,0.150312475710991,0.444371771486929,0.0368025331691867,0.0337493402129967,0.0188829708779763
"202",0.298283240337518,0.293593409913084,0.245292323680045,0.0826802843348871,0.0762306198189343,0.00392012191553165
"203",0.0893847690119937,0.196162470551336,0.253350172678317,0.0362448551866221,0.244486232406283,0.180371500165448
"204",0.273878946196723,0.13075128229153,0.250187997898341,0.00409539597093922,0.0915730133054655,0.249513364337001
"205",0.215042997958691,0.0645765267327233,0.208979569753161,0.0201611315962007,0.441453709407451,0.0497860645517731
"206",0.0251144402557036,0.13822666233719,0.370634564615257,0.148977089141422,0.115599203140304,0.201448040510123
"207",0.202302816165841,0.045363351937825,0.310327368132464,0.050270329122931,0.287732437051657,0.104003697589282
"208",0.0238698335446259,0.239938138943135,0.235635095307336,0.000109552134433113,0.302921766678412,0.197525613392059
"209",0.0468733008430251,0.00623067886739702,0.305749248399662,0.0229906719907315,0.520326277573378,0.0978298223258059
"210",0.0397901811895407,0.490058221786924,0.261082987670862,0.0106665397509704,0.103574789580707,0.0948272800209957
"211",0.125097921192033,0.293605581619567,0.228313217092745,0.0580192715156418,0.223550059980105,0.0714139485999081
"212",0.278582266427716,0.0449992847276497,0.42359285716222,0.0265865384892166,0.178540774388159,0.0476982788050385
"213",0.0186502837789819,0.0955954809343638,0.463346073672293,0.0739414251514898,0.108005638240821,0.24046109822205
"214",0.0743393736050989,0.0389332012038071,0.366315759252614,0.0331169185223133,0.443053745154606,0.0442410022615608
"215",0.0037463713728129,0.0359041812353577,0.566688868763671,0.02800787853371,0.0433632287903329,0.322289471304115
"216",0.447426991648715,0.174646216647449,0.0574838295761962,0.0532152031451578,0.246067082322724,0.0211606766597579
"217",0.269526553786033,0.0196047839068718,0.0953152156011834,0.0198819492795481,0.549525478107306,0.0461460193190575
"218",0.259829915235933,0.126573587244249,0.314894266327007,0.0174454659406539,0.0832833746242338,0.197973390627923
"219",0.00187576285932671,0.480450604707216,0.198479559679077,0.00161251548354776,0.11325611392308,0.204325443347753
"220",0.273728417943481,0.155888904483277,0.286254598041947,0.0289556026646937,0.191131283587504,0.0640411932790976
"221",0.148438949761969,0.24473726521023,0.14089638873143,0.0455623324785766,0.40583630579497,0.0145287580228234
"222",0.318775054681306,0.100452325572041,0.405507640575374,0.0709319976779143,0.0950588404090289,0.009274141084336
"223",0.241673930867606,0.348160340943367,0.10623036352828,0.0181322451000523,0.172214928965077,0.113588190595618
"224",0.118397473476803,0.142707068016258,0.269574766377424,0.0697688896424398,0.151592638808344,0.247959163678731
"225",0.0937202353911489,0.166267528885822,0.408173286134239,0.0817267168507859,0.230774315362018,0.019337917375987
"226",0.0807150905184961,0.101770702430086,0.102313869809331,0.0198277186603724,0.67251973425821,0.0228528843235053
"227",0.00655629435704597,0.28584361206728,0.446169984258441,0.0360066378581267,0.196243346083259,0.0291801253758481
"228",0.265916100113557,0.0863779378037772,0.479620390477222,0.0661453394298528,0.0984368692245024,0.00350336295108844
"229",0.011887619747827,0.387017230925871,0.456168947186217,0.0117607097988477,0.0921843950254462,0.0409810973157907
"230",0.303414322055823,0.183206417071954,0.314745509893266,0.0279137822000846,0.151310085920721,0.0194098828581514
"231",0.00604474099426721,0.112720035784919,0.266040523580685,0.0641301698118605,0.544187742543833,0.00687678728443516
"232",0.170978648560877,0.424936908194076,0.273601214584089,0.0153608915927327,0.105430979887864,0.00969135718036035
"233",0.380137840773636,0.29561375015899,0.154741847226428,0.00232383766742712,0.139446437656235,0.0277362865172846
"234",0.342787685746071,0.0106948131585675,0.461760447734294,0.00948248679406768,0.0989055296964705,0.0763690368705294
"235",0.0814249559372248,0.28432829837656,0.445367900864448,0.0260672382702342,0.0015107013774873,0.161300905174046
"236",0.0582275180483657,0.0241892622688843,0.532476916809279,0.0291570273533211,0.157323313890343,0.198625961629807
"237",0.0235453525431617,0.543996273118091,0.137525710907763,0.105686028726559,0.163116922008283,0.0261297126961433
"238",0.0153087994649977,0.151700136423124,0.319305509305581,0.0700165196779051,0.290070216385939,0.153598818742453
"239",0.257402092680885,0.0691750945986999,0.39808880760151,0.0874372211790918,0.00916413170909562,0.178732652230718
"240",0.23978083769909,0.0965339269893041,0.0792051918710113,0.00627629715295022,0.117231391774564,0.46097235451308
"241",0.0762747320084461,0.299397670005281,0.423292981051337,0.00526411498533109,0.0320579641781676,0.163712537771438
"242",0.495240076681901,0.102770609657813,0.0852747245813925,0.0624732582778257,0.238287930918064,0.0159533998830041
"243",0.168986395188813,0.071455394878104,0.185913850177286,0.00069121999551631,0.530857050081506,0.0420960896787743
"244",0.00884713440377028,0.196522854725339,0.415992081878551,0.163631336322256,0.18721110914908,0.0277954835210046
"245",0.199283808567108,0.0510852090117271,0.0513423281397096,0.0705769192225423,0.510256851963227,0.117454883095686
"246",0.0146028986595353,0.287161607660549,0.119223891269727,0.0562230227726631,0.390812770763872,0.131975808873653
"247",0.467998150476977,0.135099342188422,0.269800101249344,0.00831589538513719,0.0568535112885759,0.0619329994115443
"248",0.134633127208803,0.326530135745551,0.198209845047947,0.0969646934318311,0.0577226945868581,0.185939503979009
"249",0.427194449671894,0.0999664665492075,0.42938246222529,0.00230516548799907,0.0206189851702184,0.0205324708953912
"250",0.198798270465724,0.119983121699172,0.179735152603707,0.0232565756395176,0.36298315115314,0.11524372843874
"251",0.224111433394182,0.00435628995076265,0.615750849538324,0.0375980900907797,0.0044654588318011,0.113717878194151
"252",0.0814945766339127,0.147865038675549,0.333097620423181,0.089005110592764,0.309480120484139,0.0390575331904543
"253",0.0704920650106457,0.0585725433636133,0.0570015649816711,0.0367713552882962,0.776132313533654,0.00103015782212012
"254",0.117988782274309,0.144531099196112,0.491808480658552,0.0198476886912287,0.140158586621687,0.0856653625581115
"255",0.0846098274016517,0.198921966935719,0.106321325764941,0.161240722375009,0.397331979973263,0.0515741775494163
"256",0.364014497877931,0.0685744559475183,0.421043844282541,0.00583231441351437,0.00717205865975742,0.133362828818738
"257",0.247078763398893,0.236585810312571,0.20422100513659,0.0532634946053332,0.238269976978679,0.0205809495679337
"258",0.211687153682025,0.187862963429115,0.329586403424164,0.0013038074418091,0.226234089044021,0.0433255829788654
"259",0.179871655544983,0.217685866692132,0.30935796073054,0.00524420785770764,0.220791796680192,0.0670485124944446
"260",0.00824526859313403,0.0494418726347723,0.440004754398305,0.142785340319286,0.301027254686751,0.058495509367752
"261",0.148746977957148,0.243239705295603,0.397416379077931,0.0165618969638924,0.0712714504548121,0.122763590250614
"262",0.0291230628399709,0.0124722952461041,0.38193427670071,0.0318334517309139,0.30486355297471,0.239773360507592
"263",0.146388972485794,0.144305863310657,0.276853638867995,0.0807831314327781,0.307144780062075,0.0445236138407
"264",0.180106714394184,0.286926690312032,0.407225800023864,0.0649718307816957,0.0132403431458576,0.0475286213423668
"265",0.474862418782459,0.170725347525779,0.0952648172179727,0.0960399413173078,0.107704247643706,0.0554032275127759
"266",0.151580817069617,0.0623564653100934,0.232764079647042,0.172238586524443,0.31309133428313,0.0679687171656748
"267",0.0999213799142632,0.373541221315786,0.360003808611204,0.0149081243897689,0.104374005252797,0.0472514605161816
"268",0.289549110732762,0.179897128772924,0.250554173430548,0.0992963033004342,0.0677021821004464,0.113001101662885
"269",0.318060899072377,0.270940733375562,0.249766979867545,0.0848123370237373,0.0581868672107224,0.0182321834500564
"270",0.422315214093313,0.14988237972014,0.383084339392819,0.0194982545526144,0.00863162390532977,0.0165881883357849
"271",0.139992718939841,0.332102357801488,0.336359950570763,0.0551925486419914,0.113574746993577,0.0227776770523395
"272",0.188061957623049,0.129801878938587,0.445110195073495,0.0239213432321486,0.118204739530634,0.094899885602087
"273",0.0926533091162284,0.275260702203557,0.326687008001997,0.10700744622852,0.139593808546362,0.0587977259033358
"274",0.133358401859944,0.0170751375900279,0.336938879425372,0.00311116374784504,0.467399999947926,0.042116417428885
"275",0.0823032090055699,0.19302524915707,0.484542794438149,0.0772072676741939,0.119095796066357,0.0438256836586601
"276",0.0825304079053067,0.235813096605337,0.363901128609301,0.0128384586446899,0.208342229103911,0.0965746791314546
"277",0.21802374761273,0.125463156353302,0.282445564179074,0.0468227548760549,0.0913405925524875,0.235904184426353
"278",0.37991523148045,0.115444493718871,0.422943529463744,0.0390708255616905,0.0198595492801056,0.022766370495139
"279",0.309438697431591,0.0547614816587136,0.267113153068271,0.115426839734776,0.24054349148315,0.0127163366234987
"280",0.0461452405699835,0.267611621523502,0.130753569971062,0.0198537178696844,0.48007652134335,0.0555593287224171
"281",0.00543008184563202,0.298026889140292,0.385736816417261,0.0973973141472578,0.119804491388759,0.0936044070607979
"282",0.108390416424434,0.320740152301671,0.0211594241605566,0.0716974179990667,0.446628269245497,0.0313843198687746
"283",0.17353193929866,0.00981536728661567,0.203943271428499,0.052443872793441,0.300656887392309,0.259608661800475
"284",0.053516856707852,0.316306436174356,0.340241020029881,0.0917520136968415,0.170474225274645,0.0277094481164242
"285",0.35492499420702,0.147431235853673,0.132215278443937,0.0762890223623257,0.275547347568949,0.0135921215640954
"286",0.0374165460628025,0.0839087425649432,0.299904588915977,0.00881637586635734,0.534353626670625,0.0356001199192943
"287",0.0638192512017667,0.251063457172251,0.462875391212053,0.0167497502513961,0.198361743581779,0.00713040658075497
"288",0.176118397187097,0.246198532227385,0.325161834019753,0.156799556726991,0.0647371489000442,0.03098453093873
"289",0.331917062535926,0.160852641727374,0.252598348576565,0.0259449391235539,0.203644371597912,0.0250426364386691
"290",0.00490641688199696,0.434608369483039,0.0577502403032833,0.10652626178782,0.204854036747283,0.191354674796579
"291",0.00253143899832011,0.151402124604403,0.224072044230712,0.0428780751870959,0.573294525012864,0.00582179196660452
"292",0.39047692389498,0.0482446733135193,0.20995169958722,0.0218111385874511,0.277397433900789,0.0521181307160406
"293",0.0269066519344688,0.20876135181747,0.166480783747241,0.142194786086788,0.288789865978418,0.166866560435613
"294",0.080143478483783,0.0720662328986626,0.296526514234269,0.0797688491776639,0.329972528734863,0.141522396470759
"295",0.0212805299988201,0.0558275383923294,0.574753636261218,0.0773617622817903,0.119848687629313,0.150927845436529
"296",0.034887061052449,0.372341825800231,0.24414239350042,0.074753418290959,0.251238411080638,0.0226368902753026
"297",0.130195149116683,0.165151133940729,0.130268988265282,0.0553982412246863,0.415394186174932,0.103592301277687
"298",0.508664298527302,0.0416649212436929,0.349379514714535,0.0711362085900562,0.0247235178930697,0.00443153903134421
"299",0.529430309561467,0.148020263646118,0.182707532447505,0.0269441344802659,0.11081368733288,0.00208407253176395
"300",0.430461591278762,0.0231594440885408,0.404155873011601,0.00986140390599692,0.12873089737049,0.00363079034460949
"301",0.326139851445586,0.114473736076282,0.230881099250253,0.0556439956102689,0.189441299213526,0.0834200184040835
"302",0.0276995596557144,0.00398405063678837,0.434291692926053,0.0246507328768144,0.46464784974281,0.0447261141618201
"303",0.485923284869976,0.0577344087810982,0.216771821141236,0.0503000462607644,0.184190346571671,0.00508009237525426
"304",0.0562445365496037,0.243518520423605,0.303002316297034,0.00233317216418404,0.367177286495339,0.0277241680702336
"305",0.0973184624118628,0.0872914663332847,0.157703588285704,0.03713381150852,0.540193741118723,0.0803589303419057
"306",0.122865205426265,0.0190363821715031,0.0476627714291956,0.0158599625382698,0.485330430616323,0.309245247818443
"307",0.209741091949481,0.202308016493696,0.209252036435645,0.0572256655606979,0.177287832645857,0.144185356914623
"308",0.272382409805254,0.0310172420794416,0.244580072859011,0.0248824031094047,0.329302382784031,0.0978354893628578
"309",0.185795691859508,0.0245671412753253,0.599393392523217,0.140173904399677,0.0222467821996674,0.0278230877426051
"310",0.0534642517740596,0.442986604129858,0.38702331287661,0.0395647424114203,0.0727778265720239,0.00418326223602754
"311",0.120685206697983,0.337088653047782,0.265508876223124,0.0353644080891771,0.179349770503813,0.0620030854381207
"312",0.0893770831477759,0.206391591843053,0.0240206694291566,0.038354315009775,0.522162001683261,0.119694338886979
"313",0.461628522092777,0.157698521228836,0.133518461086684,0.01178875778959,0.0675218286866086,0.167843909115504
"314",0.229696041659367,0.294872849917871,0.13512341455942,0.029307017067916,0.301735944808493,0.00926473198693239
"315",0.245099747129387,0.0650926342275945,0.415103016507637,0.0227659639534662,0.0734496561027753,0.178488982079139
"316",0.14484464676864,0.460142526892217,0.313754424897268,0.0197077601452311,0.00796885326502405,0.0535817880316204
"317",0.0245922654241204,0.159169944091666,0.376432741301664,0.0307417382464672,0.400646125481168,0.00841718545491393
"318",0.138653984926942,0.131316836707808,0.358333150897757,0.0674089342371523,0.267469769335105,0.036817323895236
"319",0.138559682449726,0.228015758741968,0.227211832362114,0.0107321703751753,0.379827858029834,0.0156526980411825
"320",0.121756864330581,0.126208766420709,0.517825376281311,0.117410192585493,0.0633830580198629,0.0534157423620432
"321",0.153828886741037,0.0398823611748094,0.424699392312853,0.125126120353877,0.211570381762942,0.044892857654482
"322",0.405351645851691,0.182009074300818,0.295741002085968,0.0133526248711715,0.0853889385892641,0.0181567143010869
"323",0.0357869420615165,0.0856095051155191,0.541851169185266,0.00551106765318176,0.203316718692336,0.127924597292181
"324",0.0374792211704925,0.289725303640735,0.157471595757081,0.056759650831265,0.379388006077317,0.0791762225231096
"325",0.0458719204043055,0.0785198792209084,0.0709230227556882,0.0194766696970814,0.712038471412143,0.0731700365098733
"326",0.0381492331423303,0.0428428321398041,0.534564718726202,0.0576607612186102,0.319744329599605,0.00703812517344872
"327",0.0590553727591568,0.208802450053766,0.481239721308925,0.0596576302049612,0.179653060668384,0.011591765004807
"328",0.199842586698156,0.273075577758052,0.00962744391265014,0.0171620394602,0.262860238438595,0.237432113732346
"329",0.0569313389965244,0.132667709144055,0.272745159800863,0.0140942682100293,0.361986658496085,0.161574865352444
"330",0.302066986351197,0.100734471731589,0.509540260090027,0.0163883580770037,0.0645943388987901,0.00667558485139338
"331",0.00278811535852821,0.418996485393503,0.192967124545773,0.0642326502196898,0.177011809714218,0.144003814768288
"332",0.0700078677487666,0.0905682635874422,0.544196948472631,0.133078714246435,0.106603959304885,0.0555442466398404
"333",0.0381596948840036,0.185902041576275,0.354725400120319,0.0150529668370602,0.282560114815635,0.123599781766707
"334",0.117346824686955,0.255372807808548,0.373675227390014,0.0942021466304712,0.0570991719729097,0.102303821511102
"335",0.229093051881538,0.239288824387689,0.0672270151711641,0.0144727675821694,0.416874462515255,0.0330438784621848
"336",0.0402529242149812,0.156697559802354,0.511874347284749,0.0708297910024589,0.133057971087787,0.0872874066076692
"337",0.032755820129167,0.563095015354369,0.347658247377477,0.040641502217644,0.0145419914769584,0.00130742344438493
"338",0.09028152574065,0.244260726706843,0.349891615208812,0.0166920190932849,0.274733221095024,0.0241408921553854
"339",0.0797683405800675,0.279441332990033,0.140024263217815,0.0719429578730433,0.392144349115966,0.0366787562230748
"340",0.206268976769271,0.0907776102233266,0.488267537351922,0.00369179447968761,0.192712855227617,0.0182812259481758
