"","V1","V2","V3","V4","V5","V6"
"1",0.216820599265034,0.0266245798062403,0.42364413726094,0.00706464265135738,0.221989424133463,0.103856616882965
"2",0.0206580886593803,0.0835500983983069,0.640913459367765,0.0609115108433695,0.00479048433342131,0.189176358397757
"3",0.168274547722548,0.0537549274852964,0.478200816348295,0.0633912928644502,0.186061526158182,0.0503168894212286
"4",0.14803358471406,0.100146290333859,0.514888039633262,0.0386606566369558,0.134492185967814,0.0637792427140494
"5",0.0285450608572444,0.00940207119065933,0.269879623606649,0.030207404630649,0.603601580879035,0.058364258835763
"6",0.0650025523352471,0.108902268925543,0.544637842666965,0.0373046838851432,0.0865331465920622,0.157619505595039
"7",0.100695912093879,0.0257762831511506,0.566789758769148,0.0896894228404096,0.200950542283461,0.0160980808619518
"8",0.0384998817839421,0.0778675820245064,0.526907792870252,0.0256862622475813,0.18371165463602,0.147326826437699
"9",0.0134367556330924,0.216556907017839,0.434878060120414,0.0270019334370524,0.269898589085552,0.0382277547060502
"10",0.0218396522102239,0.0685142687534926,0.519703776089074,0.135600808945831,0.212359760645556,0.0419817333558228
"11",0.096352627526083,0.073101888971465,0.35201241285197,0.00596120740214948,0.40946769810654,0.0631041651417921
"12",0.161065128026028,0.0709885256823267,0.352914734736487,0.0798084731935022,0.321880175898462,0.0133429624631949
"13",0.000428312871558845,0.0236685659996876,0.533514284750155,0.0308829926103835,0.215491728943856,0.196014114824358
"14",0.284489743409468,0.0910175923562363,0.418987951888972,0.0284697042027127,0.140203551522823,0.0368314566197891
"15",0.124087882715478,0.0689715684945826,0.399414421065273,0.0332809105619838,0.267647600035248,0.106597617127434
"16",0.190457824759652,0.137128577029459,0.419278094399525,0.0417423456903564,0.16096500794694,0.0504281501740673
"17",0.0441771991010433,0.156741867226036,0.584327579114531,0.0523606935371591,0.0750860907648713,0.0873065702563587
"18",0.0238922017948584,0.267644743288616,0.549288145591379,0.079122134432293,0.0793932584869838,0.000659516405870842
"19",0.0770052190232077,0.152961636360738,0.478528661149301,0.0811968243193694,0.196897757784881,0.0134099013625028
"20",0.00449044897404522,0.198387919066189,0.424089432207755,0.0970659389428479,0.275600265392099,0.000365995417063799
"21",0.194901489721223,0.0521180892348579,0.545582273552142,0.0798426978092517,0.084286289225791,0.0432691604567339
"22",0.0152329378349944,0.0301412886959421,0.399967752696086,0.0943409788018646,0.445857515645978,0.0144595263251351
"23",0.0702196476854744,0.201135186356198,0.456762597296193,0.0773410698907651,0.118515046077462,0.0760264526939075
"24",0.0690149936078342,0.266741413377678,0.439974041076263,0.0263292631957529,0.124986539088378,0.0729537496540943
"25",0.0140270521374973,0.120869881683704,0.50111837635194,0.0609372214867796,0.189210464239865,0.113837004100214
"26",0.0187068511836148,0.194633924086764,0.525687338677854,0.0273543830293537,0.101918276360976,0.131699226661438
"27",0.189180318261413,0.0395860185964654,0.533613450857054,0.00988865912591077,0.0191080600097691,0.208623493149388
"28",0.0167130315458822,0.0603275574687189,0.62170171214187,0.0872776280779516,0.15093072040365,0.0630493503619275
"29",0.115789498147977,0.0516771056145239,0.563350133203103,0.0451820951598983,0.0769272122249196,0.147073955649578
"30",0.101401179352772,0.0536345611086026,0.510766327327379,0.0127974502232496,0.188808035369266,0.132592446618731
"31",0.111436258661399,0.0782388590165957,0.598263853875587,0.0660091311976368,0.050800103805156,0.095251793443626
"32",0.0435303582773167,0.115768711365444,0.227653372293265,0.0189753919656533,0.582451861353548,0.0116203047447721
"33",0.118663911795645,0.033697738149784,0.375764684216549,0.00650157534195086,0.407529751029257,0.0578423394668147
"34",0.127099133252254,0.120602699863084,0.512656635058904,0.0148146956633237,0.119556239125147,0.105270597037287
"35",0.0367973457089832,0.164336596194924,0.622218256681807,0.0410417743810578,0.048282665263799,0.0873233617694287
"36",0.074051005322223,0.0189671092873968,0.57595721362947,0.0712626434120936,0.104699890534089,0.155062137814728
"37",0.218370342658929,0.089882623352267,0.454684932903697,0.0573998424324004,0.128597218482114,0.0510650401705919
"38",0.0656922502789451,0.350365557186982,0.395190054572917,0.0365255724413331,0.0940103817414796,0.058216183778343
"39",0.360961320439474,0.0642314196792976,0.407505241176263,0.0421815684348247,0.107972115547898,0.0171483347222427
"40",0.12256408264222,0.0390194847928621,0.404906679768118,0.0328582362847948,0.3044348512815,0.0962166652305048
"41",0.00082751675468336,0.244920364375612,0.521412732397855,0.0141231454296836,0.0488954472178637,0.169820793824302
"42",0.313314824257335,0.0138999662128345,0.452354019492018,0.0436096435045858,0.126442943908212,0.0503786026250144
"43",0.0275037998235169,0.339831336496863,0.469140825628719,0.029599738049688,0.0837679320760383,0.0501563679251756
"44",0.0857329000413365,0.136921156752306,0.50681494507432,0.0670759846428402,0.112658645170404,0.090796368318793
"45",0.0487494804201023,0.348969974292989,0.468020668628429,0.0388459407839467,0.0522634174885638,0.0431505183859695
"46",0.0448223432746306,0.139992541576805,0.515350190874687,0.0883277761852198,0.198512584307375,0.0129945637812822
"47",0.0618220121750957,0.0363310608634927,0.378520139463377,0.0436162482420784,0.465959454595206,0.01375108466075
"48",0.025448409325848,0.175848304085522,0.521866875556514,0.0494250180788583,0.0685124710051904,0.158898921948067
"49",0.182497127963803,0.0863226774523925,0.486960257321513,0.0374401915718612,0.17005933935585,0.0367204063345809
"50",0.0146874441929241,0.229303879018228,0.499021917292626,0.0693211465464151,0.155210910280959,0.0324547026688475
"51",0.096958398289989,0.110498018642896,0.486484661664175,0.0192040371510883,0.191456021261455,0.0953988629903973
"52",0.0420082851795943,0.0733937913072981,0.553713155642299,0.0270402396003159,0.0931871570415795,0.210657371228913
"53",0.0201703682199152,0.0961502612824149,0.455500113282053,0.0144245287346533,0.262141260931882,0.151613467549081
"54",0.0594221768472204,0.109249469814548,0.512735094106407,0.0547560488018755,0.172763757213603,0.0910734532163461
"55",0.222483084658239,0.0467080426317316,0.539483089193428,0.0473920681261213,0.0702526808609171,0.0736810345295635
"56",0.145736862666835,0.200497148196611,0.513671484424026,0.0548349398857712,0.0575300692751468,0.0277294955516103
"57",0.206107850964764,0.0894607815623048,0.389968087762111,0.0360351936962572,0.24925223282538,0.0291758531891834
"58",0.111325684608879,0.141955829570273,0.565195282043382,0.0240801743985292,0.0126141105264601,0.144828918852477
"59",0.0174234062994509,0.0560313683396758,0.284826319137572,0.0113668262480196,0.565929968033256,0.0644221119420263
"60",0.10184523057027,0.00823860420243616,0.530929254631172,0.041552762836045,0.175849027355263,0.141585120404814
"61",0.081646405714903,0.0500513812263523,0.611610516477129,0.102368560316143,0.0796421521213055,0.0746809841441677
"62",0.0136801502611748,0.270477349447142,0.418514110912299,0.0700702541929055,0.160332205063057,0.0669259301234216
"63",0.168344783570519,0.116227413539649,0.585579495747782,0.118785263471808,0.00384800942324742,0.00721503424699433
"64",0.0237105585831789,0.130318019811762,0.451539511744626,0.0126508419376769,0.244536048922942,0.137245018999814
"65",0.097962334626203,0.212551544579995,0.512067389372893,0.0507768036222249,0.0889740087233487,0.037667919075336
"66",0.0563068429321306,0.184401029990526,0.524893206793111,0.0204684534983117,0.105085091308995,0.108845375476925
"67",0.23297056316335,0.0388285241129036,0.461080724103101,0.028879176386872,0.1157943798461,0.122446632387673
"68",0.0692370912467568,0.133469661726689,0.471050674002389,0.0412681767623304,0.190095500949186,0.0948788953126488
"69",0.244670645662876,0.0498407710214752,0.414172205926098,0.0350207159026419,0.249536163154966,0.00675949833194276
"70",0.307915622299563,0.137945198614671,0.452528617606882,0.00673900403152341,0.0694319356217952,0.0254396218255654
"71",0.308433288141936,0.0498804426944254,0.483513981145841,0.0729787323519711,0.0787946085775212,0.00639894708830535
"72",0.0323268275269491,0.296626960521711,0.368912341585507,0.0318719532900272,0.225739292190148,0.0445226248856574
"73",0.102854010677138,0.141618187110671,0.454629664143188,0.0352576932870005,0.161371381599955,0.104269063182048
"74",0.0641939855545818,0.0464076517648132,0.576059769680763,0.00533307343850103,0.0588241336981574,0.249181385863184
"75",0.0859390831895933,0.305121231592574,0.478040324339257,0.0278511292399888,0.00495423048773572,0.0980940011508504
"76",0.184344907309146,0.144987207428626,0.483621802931074,0.00726204306873949,0.116716145559227,0.0630678937031882
"77",0.0229235235596535,0.0185942066318174,0.3277383119174,0.0567564533273615,0.571821702933014,0.00216580163075309
"78",0.280460903178612,0.0664163425077801,0.533943982194993,0.0537545769329641,0.0032844680932104,0.0621397270924406
"79",0.237639839826096,0.00076984763224651,0.543849119616528,0.0557030334577541,0.114704205635019,0.0473339538323564
"80",0.0247508636860308,0.234360238651948,0.566144689790755,0.105546395486276,0.0494661046977266,0.0197317076872638
"81",0.0651042373664165,0.0403741666567079,0.484496370672324,0.0367531762583668,0.25590581810182,0.117366230944365
"82",0.0825179345889739,0.20790055668627,0.521023267810623,0.0510501877498599,0.0917423109983509,0.0457657421659217
"83",0.172376237563681,0.188272695513802,0.41897238499834,0.038892768523489,0.13618986535779,0.0452960480428977
"84",0.115686951684321,0.124053354233605,0.493819615627022,0.0295517865338857,0.0835556305918594,0.153332661329307
"85",0.10599953042415,0.0283418392150018,0.534058622387715,0.0530423472001677,0.142709707737193,0.135847953035772
"86",0.23068751860247,0.0630312635840669,0.326585339047435,0.00991299123569186,0.351766732677891,0.0180161548524442
"87",0.00124818751359161,0.219122051550003,0.496325586611264,0.0272030111151577,0.185932110283154,0.0701690529268299
"88",0.22497901149136,0.106232132284729,0.444150649238997,0.0179164664865177,0.0951848923434473,0.11153684815495
"89",0.0380140135309014,0.152946705181221,0.5393661142929,0.0988777990255446,0.124228721843224,0.0465666461262093
"90",0.142899648604232,0.0468482807332836,0.457405206617349,0.002669153308685,0.250160747832051,0.100016962904399
"91",0.0453599863192436,0.255105611767803,0.470527398761251,0.07096440605809,0.149015506130641,0.00902709096297137
"92",0.107389575537583,0.182180376218084,0.496025048817908,0.0535622360567886,0.0844749726993385,0.0763677906702973
"93",0.0524534565607248,0.0839391936997564,0.428126066079172,0.0360220579116644,0.315022200328161,0.0844370254205214
"94",0.118038052138698,0.0977501319205172,0.483298390544915,0.00920467312207517,0.119678844359325,0.17202990791447
"95",0.0931581131394678,0.119601595429221,0.599038953008381,0.0320374013467938,0.0243670566231682,0.131796880452967
"96",0.146974674072415,0.143175669095638,0.562276605365539,0.0652181554668598,0.0209879462932676,0.061366949706281
"97",0.0828389359379801,0.0606406703494842,0.574484955248773,0.017643033434328,0.0885829455716173,0.175809459457817
"98",0.0140284959384784,0.0821808966961838,0.545144558577489,0.0464526336832859,0.144801993038068,0.167391422066495
"99",0.0686848784844097,0.040530158973921,0.639836007892533,0.0642005070223156,0.0058291433876522,0.180919304239168
"100",0.00127318249698167,0.0366021452253046,0.500847386882922,0.0478250646392479,0.249995615893355,0.163456604862188
"101",0.0408523214927144,0.0829457997997915,0.621085862719626,0.000928898236216377,0.018482895539124,0.235704222212528
"102",0.0222058086810935,0.0512861417645241,0.431935407609193,0.0453011578482373,0.401933903982558,0.0473375801143941
"103",0.239814941173142,0.0856588146121244,0.45585686232443,0.0404346271819156,0.121912812488738,0.0563219422196502
"104",0.00797164492553496,0.10607567190249,0.466935679538236,0.0914269575844532,0.294543201911082,0.0330468441382038
"105",0.0437980628128148,0.0662274137057848,0.516580558497583,0.0285440848039211,0.239667073106543,0.105182807073353
"106",0.19777917598775,0.00298208445420937,0.490595473723038,0.0803389701614764,0.179805675163099,0.048498620510427
"107",0.170731395524675,0.0402058019764611,0.379136883584596,0.0263034724845066,0.291503704220434,0.0921187422093274
"108",0.2214837327917,0.0774985125703432,0.576750118824844,0.059207189527826,0.0128327821950801,0.0522276640902068
"109",0.144797086127696,0.0631460244584511,0.550590225768217,0.0350981634660791,0.0633325193830595,0.143035980796497
"110",0.30254178308784,0.0549220852337311,0.382391572108239,0.00351087010310493,0.236026311164843,0.0206073783022421
"111",0.0386269074922931,0.0677422411963368,0.454809454709987,0.11413684950214,0.324347721257079,0.000336825842163875
"112",0.156183801781491,0.133130361057882,0.448446105259333,0.0994192461301072,0.160457963536008,0.00236252223517863
"113",0.0432424093177507,0.140132063834377,0.420158580865456,0.0261113150872247,0.24183748659267,0.128518144302522
"114",0.0706590124347716,0.196144118399203,0.554410131939244,0.0815270056592575,0.0510058250104249,0.0462539065570988
"115",0.0797578137470248,0.149770624453954,0.505362159980102,0.0971312703157962,0.124637376015492,0.0433407554876301
"116",0.168260162569232,0.213436083689762,0.454481583795964,0.0318853564777647,0.126118640679669,0.00581817278760845
"117",0.0584120926317058,0.290171150844292,0.520424953633475,0.0444232231769051,0.0543134261728737,0.0322551535407486
"118",0.0440942819289517,0.0835610869906619,0.418044535764798,0.046952798242091,0.342618688453485,0.0647286086200123
"119",0.186636385176493,0.220715712605946,0.300948099484807,0.0242744906640243,0.224945951833506,0.042479360235223
"120",0.0436201509700776,0.13956975480388,0.516012196879812,0.0420974218192367,0.253330794619235,0.0053696809077581
"121",0.0519878314149909,0.162593247376844,0.581898767896686,0.0468258654978869,0.00322772979988648,0.153466558013705
"122",0.058902064000007,0.203667073030183,0.539951306795478,0.060333494554183,0.0436112159887957,0.0935348456313538
"123",0.0910986743909326,0.0733227272968609,0.503681247639459,0.109124159915031,0.186894725070692,0.0358784656870248
"124",0.138218283684542,0.0742469275327405,0.518365870566914,0.0766220037952145,0.143550998194395,0.0489959162261935
"125",0.0708657331615791,0.0320822268186661,0.411796747951036,0.0544022452320478,0.377763520541941,0.0530895262947304
"126",0.000405126710300104,0.2327107465234,0.4165984788803,0.0582293087302177,0.286584196616308,0.00547214253947464
"127",0.0673760687510949,0.110585757308316,0.364264620279981,0.0431642963968259,0.356465567155105,0.0581436901086775
"128",0.314318158710139,0.0268283378688409,0.307041728627635,0.00757975763408708,0.331937972641071,0.0122940445182273
"129",0.400262670470981,0.00034671032024366,0.375848689011015,0.0126846455322554,0.199890252471406,0.010967032194099
"130",0.0788698139480837,0.00427902909154116,0.561543276140176,0.000195285000849596,0.150680290208457,0.204432305610893
"131",0.254309154134734,0.0457617366114739,0.552652374283047,0.0434027647593771,0.0364901801651415,0.067383790046227
"132",0.035199224518045,0.00345818174817268,0.474282904318354,0.00186384192730802,0.31016926576841,0.175026581719711
"133",0.0546265561809583,0.122885010720827,0.474780581161485,0.0627724673001288,0.239151955776323,0.0457834288602771
"134",0.0336922905396741,0.14574619352692,0.406669709555895,0.0658247915367208,0.332813143201333,0.0152538716394567
"135",0.0312426644377165,0.106545967874741,0.460700117082266,0.0574139357082075,0.253705783259405,0.0903915316376635
"136",0.345061568136457,0.00125257506147492,0.516515210888282,0.0818660474730491,0.0149645516899997,0.0403400467507377
"137",0.118324653101391,0.108661359397355,0.492421066231466,0.0093223040128027,0.0555315244586259,0.21573909279836
"138",0.214458876396673,0.0823725023858361,0.46703388480609,0.0521080999847263,0.179277883794712,0.00474875263196277
"139",0.110080353736887,0.086559495825768,0.414590520505435,0.0276887943721248,0.12774048117723,0.233340354382556
"140",0.0481791051226678,0.0213365904628917,0.426906696242722,0.0674407038159963,0.395016639509791,0.0411202648459312
"141",0.115182135003738,0.0206007180316467,0.44049533967753,0.087582590132404,0.293791430541189,0.0423477866134919
"142",0.0969556371091184,0.175539468612005,0.472471355612881,0.00322145463615999,0.139330337508774,0.112481746521062
"143",0.181789003088972,0.0161802116480066,0.581460090927499,0.0223017870416751,0.0543027513282847,0.143966155965563
"144",0.20072074289653,0.141898581409392,0.42879363488653,0.0710710986322834,0.143924750310759,0.0135911918645056
"145",0.0753539919499559,0.0609653182409084,0.30351293018145,0.0287869345274844,0.48631116924735,0.0450696558528516
"146",0.00745453498694164,0.187849991461613,0.488244376636961,0.105119747614974,0.14485784815694,0.0664735011425702
"147",0.0878771734518861,0.167240663532663,0.472605592538026,0.0559995476719243,0.160312649197157,0.0559643736083441
"148",0.0385345935232228,0.114989380393149,0.507253317783699,0.115053451661488,0.178088578487333,0.0460806781511086
"149",0.159864071038895,0.0320331769088737,0.539416306788002,0.0692162300459471,0.160964481214801,0.0385057340034809
"150",0.0215399670240408,0.0151589848165252,0.437190834510049,0.0455962478578021,0.339148437948313,0.141365527843269
"151",0.222160530917867,0.00401441324350107,0.532625940780118,0.0480931615333923,0.0789945022176892,0.114111451307432
"152",0.133950174165755,0.00377677456999607,0.296570182545919,0.0489492926340033,0.511577537985249,0.00517603809907848
"153",0.153310131100055,0.155115633207888,0.46614944391381,0.0103806011528663,0.0383954700265333,0.176648720598847
"154",0.0699564097032809,0.246634091898711,0.567407438509807,0.0987618133586867,0.00955965136531559,0.00768059516419806
"155",0.0393632316044619,0.295723141719981,0.429511995641453,0.0455905106177952,0.185721310763373,0.00408980965293611
"156",0.030121668828434,0.410994242216384,0.413798241804128,0.0128625081508426,0.0918250101775434,0.0403983288226677
"157",0.0845298238488452,0.150444559112215,0.455809889406574,0.0111547124665181,0.212751730518628,0.0853092846472195
"158",0.156988587358635,0.171505674551928,0.531233153633169,0.045494195320341,0.0717910208236721,0.0229873683122552
"159",0.000857251678104793,0.188254181491162,0.394677284469442,0.0495002617937595,0.306167206051394,0.0605438145161386
"160",0.115282174052897,0.0733875311226819,0.391124646407918,0.063544981374713,0.320387198704012,0.0362734683377781
"161",0.127937428602736,0.0705112648396811,0.595596791736573,0.0775306900165948,0.0367682444243521,0.0916555803800633
"162",0.00583410578925193,0.0325912718548791,0.598859816571887,0.0596434867215848,0.171117702306746,0.131953616755651
"163",0.051055857050196,0.374339695926642,0.445697635545247,0.0212408911561924,0.0580867936437135,0.0495791266780095
"164",0.200990431419932,0.103657604241512,0.524200025638256,0.0634632160849734,0.101285500988123,0.00640322162720391
"165",0.178841268990155,0.0375860129054752,0.422388124448924,0.10129022476276,0.250937993380888,0.0089563755117982
"166",0.152693447169923,0.138552257120036,0.42831439223142,0.0436886078907929,0.183475693857957,0.0532756017298714
"167",0.0693801266472296,0.0965008179714133,0.630710642059326,0.111848520737901,0.0624721462776222,0.0290877463065079
"168",0.0598806686907353,0.0886393599317144,0.545900865985459,0.0886434744471396,0.145685325649793,0.071250305295159
"169",0.0138595813307046,0.172396742234609,0.392184362883735,0.0102792543988464,0.313753279309175,0.0975267798429292
"170",0.0334752877518464,0.0336382498886398,0.54272903304346,0.0212618511729659,0.207649328518923,0.161246249624165
"171",0.026158131240614,0.16136703118074,0.477963575119596,0.0712719375095758,0.213286110309587,0.0499532146398877
"172",0.0145553247593714,0.150580238540902,0.558672250852847,0.0230801379179601,0.0601967760789417,0.192915271849978
"173",0.095635964132457,0.243259171469354,0.411865586844151,0.0103634992129549,0.229172014308282,0.00970376403280076
"174",0.0742364008742943,0.210595057662676,0.523460828104064,0.00709357303116878,0.0524565115021025,0.132157628825694
"175",0.00467536974760691,0.0386610648361512,0.507284265590354,0.0569682740430734,0.296502602049709,0.0959084237331056
"176",0.06301434918181,0.0911797978947318,0.465533676531836,0.0184981867562578,0.304739899146625,0.0570340904887398
"177",0.00818852779891217,0.0973934397769877,0.565559124051544,0.00329978130478673,0.187510146126475,0.138048980941294
"178",0.125933901721441,0.24079804743945,0.519493057192141,0.023016111238732,0.045774681082829,0.0449842013254065
"179",0.1476290695838,0.0486319674743522,0.426885704162566,0.0496440631385449,0.19527572849787,0.131933467142867
"180",0.141147500791108,0.0199448916652518,0.455175092978355,0.0710333225760605,0.253045157802721,0.0596540341865033
"181",0.0910132662254076,0.256915910051663,0.54614916127646,0.0829115726160141,0.0109125897141505,0.0120975001163052
"182",0.114631590613625,0.324974228430006,0.471184382873072,0.0618194475973276,0.0139351509712541,0.0134551995147153
"183",0.218240637849853,0.112681620085678,0.446707925383608,0.0210229769548403,0.198223583304655,0.00312325642136565
"184",0.0237447340400684,0.188719353788365,0.549049030624877,0.00162237459073846,0.0422175899913421,0.194646916964609
"185",0.14175467278253,0.0294849662596019,0.566610718368599,0.0251923909787551,0.0396939708910465,0.197263280719468
"186",0.174397150195618,0.0157990840628437,0.510514871608868,0.00102426353071848,0.0915050326176531,0.206759597984299
"187",0.0676569534279059,0.167770745190452,0.416093017734695,0.0142647901023886,0.248270067600628,0.0859444259439307
"188",0.134526259376627,0.154693132963566,0.400316162279937,0.0111782898155306,0.253534989585694,0.0457511659786448
"189",0.119709889776363,0.0539220364281577,0.421403316963067,0.0458163701406099,0.327700876996438,0.0314475096953642
"190",0.382010111240539,0.0122790417559635,0.477644866323759,0.0414197425479125,0.0450348287911494,0.0416114093406771
"191",0.174479155589883,0.136837466969201,0.505628133730226,0.0260861614949353,0.113189494793872,0.0437795874218832
"192",0.0020971016535492,0.455919401686634,0.439813921228541,0.0531985015227049,0.0463914705466045,0.00257960336196664
"193",0.14523132198078,0.0556913299251446,0.62031575243795,0.110549237034393,0.0126129362299368,0.0555994223917955
"194",0.213238826305595,0.0203894943599375,0.476432879815714,0.00141880132854611,0.18492846655923,0.103591531630977
"195",0.0379875481101134,0.0765302783721653,0.486930298491141,0.0906465236513393,0.223435706224383,0.0844696451508582
"196",0.00563240694463781,0.216723980065387,0.568672764036394,0.0629529577255978,0.138632346466898,0.00738554476108618
"197",0.139645244808814,0.190354262752186,0.503977097077411,0.0978875699369204,0.0587689181424796,0.00936690728218871
"198",0.0190637508699634,0.126213239395933,0.497874089324654,0.0468608919489762,0.0903542898106604,0.219633738649813
"199",0.0437456443879203,0.132688285730966,0.44481075747235,0.0178496626270903,0.213852081802196,0.147053567979478
"200",0.206352901394925,0.270339592168983,0.475103546644,0.00974049928923285,0.00539147098496886,0.0330719895178902
"201",0.0132494803202845,0.0230869688651223,0.45972712509115,0.0278213588428336,0.386319548853314,0.0897955180272955
"202",0.0209181694699051,0.00585297543578143,0.447299147617167,0.0193020424811193,0.321638775511801,0.184988889484226
"203",0.225947872333131,0.154309597136782,0.445378307939481,0.0562696992271895,0.083983573303474,0.0341109500599422
"204",0.0185152252206253,0.0261435165062191,0.423696019044676,0.0237683279316608,0.382881771278401,0.124995140018418
"205",0.0371544578028126,0.0571273704306167,0.517123766617065,0.0939923363681247,0.240005943454844,0.0545961253265376
"206",0.111768759573277,0.280970925054545,0.471215114596702,0.033097095752884,0.0911632969903512,0.0117848080322419
"207",0.122726000278301,0.0499394578809131,0.462904708879282,0.014055704044471,0.286501029951673,0.0638730989653608
"208",0.227030655306473,0.0702641160442644,0.458423967249249,0.0312691306879102,0.121429488583226,0.0915826421288772
"209",0.0540289518996131,0.0591039686994654,0.5057700979782,0.0388061648951775,0.251909107599743,0.0903817089278004
"210",0.281519083462252,0.00379422646498707,0.538857639605543,0.0624119434899702,0.0724249420324315,0.040992164944817
"211",0.106097696923852,0.122203917593085,0.490823182231983,0.0285879151325306,0.127252791060599,0.125034497057951
"212",0.10783907965531,0.01077963345372,0.536013005363095,0.0931076473468754,0.237431950292784,0.0148286838882155
"213",0.0128255981811173,0.109283680058639,0.615943426151475,0.104029102919997,0.038071671870836,0.119846520817936
"214",0.0208416464247231,0.208437751911192,0.481354312080289,0.0906243725352466,0.177339639196639,0.0214022778519106
"215",0.0374061909078402,0.154272136931549,0.439619887095829,0.00119287664705313,0.171241843677399,0.196267064740329
"216",0.0127001396399635,0.21348086842092,0.48581294502126,0.036597905295671,0.191669476707214,0.0597386649149718
"217",0.0159168476666153,0.116841083505859,0.404544067653354,0.0427599978253678,0.410113996366275,0.00982400698252881
"218",0.350567678407209,0.0428080358862968,0.434614057573268,0.0213265241140066,0.141080736788245,0.00960296723097558
"219",0.0294126947403838,0.0236815285878407,0.420218376959341,0.0950845584444249,0.41405552780017,0.0175473134678393
"220",0.315535393318907,0.0203583770585054,0.450654857234599,0.0150474271920557,0.165268869823085,0.0331350753728485
"221",0.102709514516972,0.132857124617148,0.549928106039823,0.101325803759562,0.112320508809987,0.00085894225650811
"222",0.0357932510672253,0.0697543152008861,0.443676676536236,0.0491705649246168,0.401392365270378,0.000212827000658167
"223",0.0830483435876938,0.0319381654468454,0.583570740061191,0.0900155430934303,0.0836475265415757,0.127779681269264
"224",0.101769944345412,0.0956530665483242,0.4464691363279,0.0903712464625182,0.252000600491446,0.0137360058243994
"225",0.00917528245755503,0.205929256064158,0.537760950876824,0.0560693084398816,0.0759942961503627,0.115070906011219
"226",0.00205532719348764,0.204308640760567,0.578619143782913,0.0659733326589612,0.01200607089365,0.137037484710421
"227",0.190242855780724,0.0182927979784893,0.550132323141889,0.0414260685497047,0.0762780495864541,0.123627904962738
"228",0.0489630089118456,0.0325831099773876,0.527096982218966,0.0768808956133124,0.309613850926293,0.00486215235219563
"229",0.062786950180497,0.20377833894666,0.363994955332491,0.0182208069639146,0.293023902364199,0.0581950462122381
"230",0.0192600754902539,0.104569667764357,0.577931944648029,0.0137957150721878,0.12628999797613,0.158152599049042
"231",0.0301399933375527,0.15477523139987,0.489527167940972,0.0279613303554571,0.201431163328523,0.0961651136376256
"232",0.153959038503359,0.0745290416937048,0.53544036039172,0.076190080657234,0.120591185190392,0.0392902935635899
"233",0.283852046866526,0.00726712278348608,0.472738210293638,0.00464115718812865,0.141925328282003,0.0895761345862179
"234",0.306296804780752,0.00314533396912892,0.555298280995158,0.0911869541780546,0.0432026112751156,0.000870014801790813
"235",0.0816486825988761,0.015218950708551,0.485859136143177,0.0377686363983701,0.329617671376631,0.0498869227743948
"236",0.452600232443037,0.0334640688695982,0.415308032865562,0.0258399018102808,0.0393094683802728,0.0334782956312491
"237",0.187937907223522,0.0273269698528204,0.507234450030967,0.0732441402873118,0.164834421760727,0.0394221108446518
"238",0.0043620227409231,0.0201991603898177,0.350237571999687,0.00268095010753276,0.559286232141454,0.0632340626205854
"239",0.0388161929236486,0.124527623375443,0.61161768499299,0.113590090214745,0.0805522174695017,0.030896191023672
"240",0.409431411481632,0.0130820276074772,0.433198033416553,0.038325659441956,0.0580111522322255,0.0479517158201559
"241",0.155668712485175,0.291976343336607,0.467835365671951,0.00528745001834274,0.057224413192085,0.0220077152958395
"242",0.0322008593266891,0.396023712792708,0.429012647495047,0.0287437564177125,0.0379966065023546,0.0760224174654894
"243",0.0596335129791671,0.07975565645917,0.549427761617625,0.105398442559103,0.190500586655688,0.0152840397292473
"244",0.282539399405557,0.106233954236208,0.438886698608211,0.0153064792141772,0.0974881468026319,0.0595453217332151
"245",0.0760994669644737,0.0809351453912987,0.531108293029707,0.00872385226218516,0.0985914287532772,0.204541813599058
"246",0.0411871589754995,0.0135598142176968,0.39297417082506,0.0656698809855525,0.471845455501389,0.0147635194948032
"247",0.28449317631027,0.0934248887979817,0.424901357346004,0.00606608332356202,0.15589290840109,0.0352215858210924
"248",0.0358168501356957,0.225109096450224,0.549740058498461,0.0657174853668532,0.0152536486344503,0.108362860914316
"249",0.319097815572765,0.00526999096729412,0.50463350257508,0.0732193552450168,0.0871033841261517,0.0106759515136919
"250",0.158807926351006,0.151758466280372,0.511241602586642,0.0560144246783235,0.0296907060655129,0.0924868740381437
"251",0.0364870395236855,0.421678479845338,0.437335674149634,0.047821781129613,0.0336204683463927,0.0230565570053374
"252",0.0966234423698873,0.284805143797349,0.506573784522969,0.0187510031098036,0.0310810244367087,0.0621656017632827
"253",0.0602334987014776,0.0860454107690564,0.520899046832034,0.0404950649906771,0.182118740528082,0.110208238178673
"254",0.0078013016702422,0.271564670095681,0.495920482317216,0.083933007790803,0.117068556002504,0.0237119821235525
"255",0.039106283238099,0.255868672402003,0.528818033791304,0.0895694866263057,0.0289320279716439,0.057705495970645
"256",0.147121283960791,0.0911497218590356,0.425664102865441,0.00529002266358321,0.214800602357619,0.11597426629353
"257",0.148106408592876,0.270494174623334,0.477288166907561,0.0335225408313548,0.0515567316146722,0.0190319774302023
"258",0.00569078292785795,0.129124972958427,0.594586878051418,0.103970782853424,0.147393644348285,0.019232938860588
"259",0.188590315445652,0.305818941916104,0.353071586007041,0.00555841236085423,0.110579859437851,0.0363808848324968
"260",0.0483304032452111,0.0418588710050525,0.595982918023442,0.0425233016696305,0.116473785427952,0.154830720628712
"261",0.142226970606971,0.108931139343117,0.463023502806756,0.0680371535181832,0.153969385867817,0.0638118478571556
"262",0.302928823465196,0.0371026293532575,0.480584842618149,0.0121099008190139,0.0503934955225555,0.116880308221828
"263",0.0488303001657578,0.13920122746148,0.536509300368605,0.0616929944941638,0.201986281628702,0.0117798958812918
"264",0.104489748270988,0.0720386593195398,0.438376884189379,0.00577081330366657,0.326223432372355,0.0531004625440707
"265",0.0730303070737546,0.0892669583254028,0.509788889276003,0.0109860292177574,0.236711694391503,0.0802161217155795
"266",0.136597320423487,0.226254184350802,0.506013457851994,0.0407835055695727,0.0691529197570968,0.0211986120470468
"267",0.0227847788987512,0.103841232318611,0.620452242674277,0.0557840374885432,0.024952037064657,0.17218567155516
"268",0.131809237176354,0.0921878501281131,0.490419770601616,0.0245495930913751,0.123242531991699,0.137791017010843
"269",0.17688200073578,0.185457611236895,0.500915469046154,0.052300630217274,0.0346405633986922,0.0498037253652045
"270",0.0972428913169878,0.0713413486791836,0.372153308098421,0.0456350845397855,0.360772666407405,0.0528547009582179
"271",0.0961937025555388,0.112132425033186,0.510828876831678,0.0155027651717425,0.0797070672372502,0.185635163170605
"272",0.166201709295269,0.114074467233635,0.522529732145325,0.0825949416290817,0.0540392366334839,0.0605599130632048
"273",0.0378251670900449,0.0337833777997572,0.31643516655722,0.00751229960312699,0.556382422380221,0.0480615665696301
"274",0.0447505957127596,0.0140892887691407,0.538326828058711,0.0124285697396155,0.153747108589476,0.236657609130297
"275",0.131848712557767,0.162449245963784,0.502949853546182,0.000872565698642206,0.0826642198107461,0.119215402422878
"276",0.212671067121267,0.0235454515091426,0.585244699277174,0.0843427049012802,0.0138875695733567,0.0803085076177794
"277",0.101020589950552,0.035674557821173,0.518144727888641,0.0421558745794137,0.0954241306784989,0.207580119081721
"278",0.119840929256038,0.0673171323656821,0.490089287571837,0.0115685332034611,0.164221383988127,0.146962733614855
"279",0.00351117719010478,0.125475706599652,0.492811311963326,0.0279587567716844,0.170058594515301,0.180184452959932
"280",0.0158720174965096,0.123824066434647,0.54769669676308,0.107421103287052,0.18915455125142,0.016031564767292
"281",0.0132407622817804,0.0915161843316856,0.46943658382486,0.0657289030300635,0.301191678711964,0.0588858878196468
"282",0.0190780355233426,0.32581169407427,0.53301944198624,0.100896503890869,0.0045610610022977,0.0166332635229815
"283",0.0520436553011879,0.12661595397722,0.409359599137868,0.0260487484640558,0.22542545624097,0.160506586878699
"284",0.0287124801910877,0.32188772112828,0.384115502039495,0.0264218253191592,0.181200386831076,0.0576620844909017
"285",0.0314388057400073,0.166979704959366,0.448245976609523,0.104689024631048,0.241832055407675,0.00681443265238083
"286",0.0831656487090138,0.128622793088791,0.586074113262841,0.106481122493401,0.0682161595906073,0.0274401628553469
"287",0.0840390793768139,0.0761972425452019,0.44488886851796,0.0768912541958799,0.286262956192115,0.0317205991720299
"288",0.0614600773483548,0.0464159277894267,0.520157994166296,0.0434765771936238,0.233285565623283,0.0952038578790155
"289",0.0601974488656061,0.0370168723709244,0.343832014054757,0.00449695216493969,0.455240578581699,0.0992161339620739
"290",0.286404696534618,0.0416658070428459,0.457850784983279,0.0664094610014001,0.136441137084176,0.0112281133536803
"291",0.229459709880876,0.0184027523615905,0.573088743334731,0.046137241872524,0.035245059812766,0.0976664927375123
"292",0.221180422039276,0.0435022477755081,0.369564624300631,0.00339253318818298,0.267155964768885,0.0952042079275171
"293",0.0446435024191226,0.192050678497042,0.536800691785992,0.000393679124141445,0.00567374201611174,0.22043770615759
"294",0.229615431749187,0.182791055129108,0.464515356240525,0.00672010283773701,0.0367811203302285,0.0795769337132149
"295",0.0447212129851685,0.0234470428041565,0.629023385548884,0.070536113711766,0.0936940448211999,0.138578200128825
"296",0.390285718155737,0.08778394685876,0.492204730144787,0.0152518714637656,0.00527357468249234,0.00920015869445808
"297",0.0785029828568569,0.0583023563497578,0.543218860567147,0.0506362913254007,0.140325114835097,0.129014394065741
"298",0.0795573294504146,0.0278020683848181,0.35735324375458,0.0485227017943067,0.439008681965114,0.0477559746507662
"299",0.0337061352081613,0.229469199430116,0.553387385884979,0.0921129835280189,0.0753276960258625,0.0159965999228615
"300",0.113893218245216,0.246726030898398,0.52847602087853,0.0505088350483032,0.0114204124101946,0.0489754825193577
"301",0.0352324883468379,0.0502444912812526,0.542031633863286,0.110392374775963,0.249687861397527,0.0124111503351339
"302",0.132165163709325,0.0439723911828005,0.439455736652523,0.0735899882301997,0.3078238345742,0.00299288565095212
"303",0.133929462437173,0.0433870770455224,0.589026583952401,0.071781636822342,0.0202483101801378,0.141626929562424
"304",0.158732206203228,0.156294066485329,0.536883408699938,0.0020745963101813,0.0324829809180226,0.113532741383301
"305",0.209560226156827,0.139731600917554,0.478620227134254,0.010279595784757,0.111518867985921,0.0502894820206871
"306",0.224628335351155,0.147792590834752,0.460973170007269,0.0472561909697813,0.110155630808536,0.00919408202850728
"307",0.0345988042016939,0.21579691343234,0.319822208970464,0.0410141321446237,0.381810177191799,0.00695776405908021
"308",0.0243165533590996,0.0593170757564538,0.387538657263847,0.0351462792459986,0.371230357752562,0.122451076622039
"309",0.0676181531462458,0.012548255841838,0.575090933517946,0.0147462650601077,0.0373121532486846,0.292684239185178
"310",0.0911960197232964,0.0937763926400642,0.546521217988704,0.116264768046659,0.0688674715005933,0.0833741301006825
"311",0.0748419987746696,0.102295722808133,0.518867508779662,0.0687900329540609,0.101026491215187,0.134178245468289
"312",0.015185507696282,0.12890357869454,0.50167342989658,0.0244368005739286,0.219998338218767,0.109802344919902
"313",0.120730653864063,0.274893697845922,0.47425634438406,0.02255005979659,0.0509739559919145,0.0565952881174504
"314",0.0190963824395453,0.214797919324714,0.554852051797869,0.0453960882355811,0.0208327407595959,0.145024817442694
"315",0.0582170944347965,0.0306135599060566,0.585728371968148,0.059744188791001,0.100429664999565,0.165267119900433
"316",0.00816188448860696,0.329250016186394,0.440159940466962,0.0552084180952303,0.14593004753282,0.0212896932299865
"317",0.0814857349855807,0.177624619832245,0.569428769524196,0.0827981453707168,0.0410612530594882,0.0476014772277732
"318",0.0767188222319323,0.0728053327137029,0.539936597189099,0.00148633998356903,0.206665138530903,0.102387769350793
"319",0.094525044179279,0.110676866959168,0.437970181776856,0.0140242795564547,0.226910461937011,0.115893165591232
"320",0.096652921496626,0.0152850251411549,0.639670953709465,0.000460152045996321,0.0436946366313915,0.204236310975366
"321",0.174370142592246,0.102450838719008,0.379705309961968,0.0237986691938007,0.281361521793896,0.0383135177390815
"322",0.354462332619764,0.0239943167868646,0.498523433597238,0.0493117935272732,0.0601077793313106,0.0136003441375503
"323",0.0349777441641284,0.108316021960761,0.433542566902798,0.0547295956225103,0.230518813572651,0.137915257777151
"324",0.139490394269815,0.148255877314426,0.466407953849782,0.0121889319471615,0.117184993597671,0.116471849021145
"325",0.0209394891135997,0.154406809339499,0.571031190139205,0.0829238058936525,0.0386510207373671,0.132047684776676
"326",0.129691550437602,0.181943955571725,0.511027378990929,0.0288928300710583,0.0825242242340546,0.0659200606946304
"327",0.0509977389526728,0.148884166581944,0.554135699916168,0.0754197591229886,0.0878422377282407,0.0827203976979858
"328",0.0196238390180056,0.0876980245097973,0.5415224598758,0.0731509381024041,0.136858465130166,0.141146273363827
"329",0.0816050276811326,0.0962809239043728,0.510632281685489,0.0617899261526194,0.127286564234159,0.122405276342226
"330",0.226955056892352,0.0483889873350538,0.559531061880115,0.0543159676513324,0.0754413122526488,0.0353676139884976
"331",0.228149546589934,0.0215333603173827,0.491766681438508,0.0286006853427197,0.0979025615606504,0.132047164750805
"332",0.161555426193859,0.048014315657985,0.444346038951399,0.0320702908730616,0.225656262577594,0.0883576657461017
"333",0.0260629644922628,0.211682232550131,0.524538036926596,0.0462608777884747,0.0888663937304141,0.102589494512121
"334",0.0726406011278277,0.165899904642565,0.572558290465524,0.0424867985903802,0.00193058875093184,0.144483816422771
"335",0.0186360141865316,0.397802967117794,0.488207016487664,0.0161872998273985,0.0283398429679367,0.0508268594126757
"336",0.145194850562775,0.127152821768543,0.461060277843236,0.00157997591866488,0.125925018266286,0.139087055640495
"337",0.00228179442928475,0.225237079203333,0.560539695279204,0.0480782466730632,0.029371941949442,0.134491242465673
"338",0.145418046996408,0.154877528349991,0.492584732483017,0.039518346028839,0.0701910104983275,0.097410335643418
"339",0.0271569387638984,0.143167767862067,0.396192301635915,0.00882259136368753,0.340634115138855,0.0840262852355776
"340",0.0553204707863217,0.235018894848429,0.589734710996385,0.0475216613055877,0.00953367488789693,0.0628705871753796
