"","V1","V2","V3","V4","V5","V6"
"1",0.0426733389671822,0.204973142859686,0.312170460460818,0.104271016419015,0.30392403584802,0.0319880054452785
"2",0.147981121026627,0.0172584117281071,0.450983800131447,0.100309580445021,0.0809129971871911,0.202554089481607
"3",0.0109945445077813,0.0182027989944182,0.405248687416506,0.0211348486247673,0.308757317532917,0.23566180292361
"4",0.280232091366953,0.153736329311108,0.523115415970114,0.0322087942678673,0.00918411434741082,0.001523254736546
"5",0.140131381371814,0.0644339743593858,0.405482000073913,0.150766751957717,0.238907715879459,0.000278176357710769
"6",0.232810558105486,0.240403431525393,0.400671172182567,0.018057654105781,0.0250207221715143,0.0830364619092591
"7",0.0810304398198678,0.0449766628976887,0.380663996706602,0.165179727511643,0.133260969605605,0.194888203458593
"8",0.0750702734426198,0.265288005811468,0.49303120795846,0.145351734228076,0.00608958192797721,0.0151691966313989
"9",0.050040574275448,0.0464251208735173,0.563186563375541,0.107005821757929,0.209663562415041,0.0236783573025232
"10",0.0120723052141751,0.0778945642821477,0.288757769033503,0.0782602473706491,0.499125656651714,0.0438894574478107
"11",0.0747288801556149,0.0383158550628481,0.236251854748057,0.0248248193982212,0.425541933065745,0.200336657569513
"12",0.134121419335294,0.209820615715058,0.484562509936291,0.116841663386147,0.0426705997975392,0.0119831918296707
"13",0.193960599356163,0.292060685324411,0.244847059308181,0.158874143117978,0.0687942236192369,0.0414632892740308
"14",0.0418861658380964,0.298459557148983,0.5152189242122,0.050412332256295,0.0753487636896251,0.0186742568548004
"15",0.134929255122488,0.0258061356262549,0.633804524605009,0.0842901962387337,0.0741555479027321,0.0470143405047831
"16",0.141835309276935,0.112731739687847,0.375600107053877,0.0518034990356447,0.284962085911478,0.0330672590342186
"17",0.0751368840456692,0.0580564755200242,0.246961715427431,0.0946481392156637,0.46426248890158,0.0609342968896321
"18",0.469573997751265,0.0559351527416044,0.367349913371841,0.0752666038765526,0.00970170980162002,0.0221726224571172
"19",0.165607706323137,0.14301654473099,0.437046892168402,0.103056196279996,0.126310156332349,0.0249625041651273
"20",0.0326654202503919,0.213909961249992,0.439020797986896,0.0313234336168269,0.142689263619242,0.140391123276651
"21",0.0489603893435483,0.0349434186715531,0.410328353987318,0.0553443254907692,0.40304516241407,0.0473783500927418
"22",0.00466900635599911,0.191919579270172,0.420370012062459,0.0804089791814982,0.246131988969483,0.0565004341603886
"23",0.0124727828633858,0.0905079802021281,0.504643878927813,0.00962365057973147,0.333453886413738,0.0492978210132036
"24",0.0315737241250179,0.146899209440727,0.0585678170544073,0.0147625685240292,0.629239287610051,0.118957393245768
"25",0.0628061153576747,0.111144815005663,0.189548127214061,0.063048233318685,0.36872355933513,0.204729149768785
"26",0.158273332213977,0.0683599228795611,0.488896974014213,0.072640541754223,0.0807822693590928,0.131046959778933
"27",0.0290688698749944,0.0588443141929412,0.468386079020302,0.118314318679924,0.229564364496952,0.0958220537348867
"28",0.000621229388550631,0.086135364104243,0.521032783194178,0.0917676765646113,0.231302020841754,0.0691409259066623
"29",0.0934790907647101,0.0316489668140812,0.144076691462695,0.114982504771945,0.546392563407555,0.069420182779014
"30",0.0121917731817508,0.00762785199594494,0.703999901186614,0.0721786381509401,0.120987258276253,0.0830145772084968
"31",0.0223159854401118,0.383557465008888,0.327877464434098,0.0927458899731372,0.0677920758180221,0.105711119325743
"32",0.0709446695419325,0.0698222928039696,0.436740941786721,0.0797954124446379,0.288624825621364,0.0540718578013749
"33",0.00889721074023814,0.0452835936834952,0.461504060326272,0.0627344264009578,0.154642185968314,0.266938522880723
"34",0.0718776499504688,0.178626699968744,0.470902460938519,0.0500652557572091,0.14693579229522,0.0815921410898394
"35",0.021905996381989,0.153883130143845,0.310438133840926,0.0211138427945092,0.33608291423092,0.15657598260781
"36",0.150097538649486,0.126383225760529,0.398097392915787,0.0956617396862442,0.106045011038605,0.123715091949349
"37",0.172991050580134,0.154249004340841,0.527857877166484,0.111368963588739,0.0299402554249637,0.00359284889883843
"38",0.187459009913481,0.14153679170071,0.613462640017324,0.0184359546992845,0.00232374461442881,0.0367818590547725
"39",0.168470346920681,0.0976069251694059,0.54141635833329,0.0138691699448318,0.0455037600095961,0.133133439622195
"40",0.00100462390155034,0.131420378321229,0.533213377971018,0.160934369353136,0.124129146631526,0.049298103821541
"41",0.16752012058625,0.00966603087073577,0.439066075108161,0.0747618259396907,0.138212606387366,0.170773341107797
"42",0.218811369819966,0.0760883782794375,0.316975245102818,0.0643206031611836,0.228599324210746,0.0952050794258492
"43",0.178735179181732,0.15380654059005,0.375064980284834,0.00208769473733962,0.121228750864726,0.169076854341318
"44",0.172420216821666,0.0166470375270896,0.109043792634586,0.0702598945736341,0.460369132048335,0.171259926394689
"45",0.247256211338657,0.016494865558888,0.571177175585724,0.0465418020830838,0.0998232707314899,0.0187066747021576
"46",0.126557473990357,0.205295244870641,0.418564380829314,0.117118013721712,0.116007436917767,0.0164574496702088
"47",0.0913707894770726,0.0755124516735173,0.522291111955931,0.156608500951731,0.029042185853463,0.125174960088285
"48",0.0442980453198278,0.0371858931572561,0.506412883638857,0.00519091313808879,0.173197433114464,0.233714831631507
"49",0.112883134017517,0.0991234272367869,0.430430039800876,0.0515270584594855,0.236260042921328,0.0697762975640063
"50",0.266616472706318,0.125535433435652,0.423131023083635,0.0446183782669046,0.0202986233428533,0.119800069164636
"51",0.0280584272271208,0.086647963015211,0.392794895546617,0.102386335538893,0.250114988552783,0.139997390119375
"52",0.0341185915157738,0.249941142056003,0.517705905623677,0.110322746126896,0.0875101522383639,0.000401462439285729
"53",0.318786007063278,0.20740885745784,0.397723102670193,0.0202023754881891,0.0212187090682167,0.0346609482522834
"54",0.0364681769845621,0.0358119327735218,0.610449715648802,0.0677134931233164,0.231063114381022,0.0184935670887756
"55",0.201539965289679,0.273939473317067,0.305599761647217,0.055320664163732,0.143863711129404,0.0197364244529014
"56",0.110314327507806,0.235292104756367,0.44420074391034,0.0975803873423211,0.0429403471008597,0.0696720893823055
"57",0.132285938596611,0.110702922034477,0.369358783270634,0.0708901090811781,0.193037249501232,0.123724997515868
"58",0.149196873708625,0.0470879537730136,0.333134009197483,0.0230516274997663,0.260922188981252,0.186607346839859
"59",0.0313337472640937,0.25227748083766,0.518375327668779,0.0460566595297366,0.122650170275487,0.0293066144242433
"60",0.091601307750628,0.0636026772281345,0.198742490677996,0.0097994228104556,0.616799233537196,0.0194548679955897
"61",0.241170097955954,0.0844030029650246,0.456667372046522,0.111315045808543,0.0972699775986825,0.00917450362527423
"62",0.00470879725479025,0.0846525327480489,0.570515181755128,0.0751914704572187,0.205738653970938,0.0591933638138765
"63",0.0913100237901224,0.332522378143098,0.395879363368074,0.0964910466306211,0.0062039324437649,0.0775932556243193
"64",0.0766024961971223,0.206084667647751,0.570010378903859,0.0526811101903905,0.0572931028723108,0.0373282441885662
"65",0.0707423299839007,0.300394650604217,0.424938455476189,0.0746695464848374,0.121332137580831,0.00792287987002444
"66",0.0947553358224727,0.12999847821914,0.446417733322341,0.111332055046007,0.129737989080175,0.0877584085098644
"67",0.00873665916749313,0.102835496918966,0.579935945045589,0.0828779607981559,0.129582285694089,0.0960316523757078
"68",0.00574417336458398,0.173786777319735,0.240465977054552,0.0269082598336543,0.386856878475303,0.166237933952172
"69",0.276069314265198,0.0972510814035059,0.337194732924296,0.0811152716016791,0.18106185790282,0.0273077419025011
"70",0.0445878130949961,0.0384824004443293,0.381428565061804,0.0506368130851705,0.225635378441092,0.259229029872608
"71",0.311568764499796,0.170473270787267,0.315086969531911,0.143908197665202,0.0097450482470631,0.0492177492687616
"72",0.0694991246949472,0.0289289552817432,0.411650460771201,0.0401056758596799,0.282083258963141,0.167732524429287
"73",0.007360222054038,0.14092703862898,0.55678780945535,0.0527760115718976,0.112760845887782,0.129388072401953
"74",0.153298466114762,0.189967398153643,0.39056194024304,0.0275934336153886,0.0483127753083341,0.190265986564832
"75",0.0141619546006071,0.105293780706985,0.354959083659679,0.000515659724977467,0.263717274436216,0.261352246871535
"76",0.109641263266434,0.0356613097629812,0.0972383430779245,0.0141145897404581,0.68883777794079,0.0545067162114128
"77",0.0728350631815224,0.0665116434050371,0.417519163013854,0.157592886011659,0.113221167074123,0.172320077313804
"78",0.0487594448316388,0.141365569030136,0.303616801193653,0.0308100700973674,0.455144905505192,0.0203032093420125
"79",0.224588781720012,0.0186870704741799,0.521860216165663,0.0511909413127224,0.040488356239783,0.14318463408764
"80",0.351278556868796,0.121104125487593,0.350602616250597,0.00560894629363696,0.0687566836963576,0.102649071403019
"81",0.117743632959152,0.154330270365068,0.438157527718418,0.107572402276141,0.107511799356027,0.0746843673251944
"82",0.208186194731056,0.0488385145230327,0.350852096531427,0.0745637987775669,0.168526495217194,0.149032900219725
"83",0.0773355097011466,0.133164419092075,0.491027239514025,0.144856044765975,0.0182598117784249,0.135356975148354
"84",0.291312115523342,0.038020813326323,0.338922788054815,0.0585513945097177,0.253409707705284,0.0197831808805182
"85",0.0162373589093944,0.198430802373926,0.474038551561522,0.115086085604934,0.157740948759073,0.0384662527911508
"86",0.0257671507330379,0.0704039844480639,0.561727940941562,0.116497755862839,0.133884463156257,0.0917187048582401
"87",0.0334392328494175,0.12841880439789,0.453387540485139,0.0066747273591025,0.168628069857503,0.209451625050948
"88",0.032761322856908,0.231903285985903,0.237872424173531,0.0832247967045198,0.395570407315531,0.0186677629636072
"89",0.12369681653591,0.145766182792271,0.494135623643613,0.00580145990429956,0.122098646551431,0.108501270572475
"90",0.197447392254434,0.0272110179186471,0.584530380911279,0.118456160063536,0.034704977291677,0.037650071560428
"91",0.052017438005592,0.0546683536732233,0.543275178665406,0.079441638093223,0.089093143423283,0.181504248139273
"92",0.185725911885109,0.026565509578404,0.457121710223599,0.0300555610509367,0.0970303748451441,0.203500932416807
"93",0.12572162793344,0.225860015464164,0.324385776124341,0.0746087341349899,0.0588793145445655,0.1905445317985
"94",0.217129604304606,0.20691262027577,0.190180673204187,0.0790526793014333,0.163056738239622,0.143667684674381
"95",0.340322114378104,0.0666652882129704,0.510916082166253,0.00938895758609084,0.0431165899645895,0.0295909676919921
"96",0.159033260147183,0.155243469999459,0.295160992087139,0.0940933466198132,0.256221622178938,0.0402473089674671
"97",0.2271985805599,0.0520587192562588,0.452939567544112,0.0143799113542659,0.149408452312097,0.104014768973366
"98",0.100178643567971,0.0243990203136674,0.416609646198783,0.0191398762981231,0.417158636855037,0.0225141767664191
"99",0.101182783531834,0.367475853877338,0.369010626806393,0.141150404659154,0.00962979904790741,0.0115505320773736
"100",0.0957391668866959,0.0164850617327657,0.480927116293616,0.086617797167809,0.222910084288376,0.0973207736307377
"101",0.0462049316386341,0.134629894880053,0.180811871358643,0.105523992640201,0.50246675207183,0.0303625574106392
"102",0.209863860012364,0.271833920943375,0.362763220452696,0.0555588459807117,0.0143998788709658,0.0855802737398872
"103",0.0580859913375251,0.0693608270874016,0.510601887109803,0.056471440616213,0.0294603147299156,0.276019539119142
"104",0.0653008839573981,0.0193061184532552,0.589776938726967,0.0557534627724319,0.209370366385852,0.0604922297040963
"105",0.066979651691117,0.0472027401064589,0.374413020989672,0.0684364139212225,0.312252075976309,0.130716097315221
"106",0.286813195987659,0.0326683349883201,0.268799534957685,0.104439799983016,0.235328251528171,0.0719508825551487
"107",0.0292609674248355,0.336658026817822,0.358606190806998,0.0709794844484698,0.0982460856129349,0.106249244888939
"108",0.0860438296915224,0.0592521538252876,0.395844988924519,0.16733642268033,0.208413346068478,0.0831092588098627
"109",0.19625263360655,0.230810710372111,0.375278663830887,0.099160389470119,0.0715747008535562,0.0269229018667762
"110",0.00945289004162799,0.210914098446501,0.328117529363914,0.121800013728303,0.283775458491222,0.0459400099284327
"111",0.0744064548821483,0.00169484804037959,0.461263466693867,0.0392844828673433,0.0840669133568894,0.339283834159372
"112",0.0836168966942749,0.0426237531912784,0.616461900603279,0.125519932700295,0.0826769887234349,0.0491005280874373
"113",0.103978078061486,0.0468065193798445,0.508657943113583,0.079845547130016,0.258282988875693,0.00242892343937807
"114",0.130791285184048,0.312839787996733,0.436817153958344,0.00616051681460439,0.039209438633546,0.0741818174127242
"115",0.0492824990553616,0.0593650543023428,0.476982065453789,0.116242279946472,0.158668681711511,0.139459419530523
"116",0.354133971977683,0.0673478923989188,0.359496150085766,0.0411917804035411,0.128412110254646,0.0494180948794448
"117",0.127515603665455,0.113162016343774,0.492035141045602,0.149971573425789,0.114447716699547,0.00286794881983308
"118",0.152336772339318,0.269081811124093,0.459495305432063,0.0226017657627566,0.0866923631959493,0.00979198214581914
"119",0.109979447579136,0.211060034251576,0.421121469674875,0.128144766245729,0.129326202569036,0.000368079679649074
"120",0.0209399161413255,0.131581612147142,0.42759414726982,0.0414336378243666,0.287111040147323,0.0913396464700229
"121",0.0484516567835585,0.0774602961252617,0.524173087446782,0.118319720892209,0.105219610160885,0.126375628591304
"122",0.370224638569765,0.151498869192271,0.25468326936144,0.0467768616079902,0.174771517922309,0.00204484334622451
"123",0.0734517912181352,0.19202499329965,0.47005171887756,0.0980456335386419,0.104364648363671,0.0620612147023419
"124",0.147191480173708,0.0241324648424442,0.34413879769034,0.117278912280094,0.200669702706653,0.166588642306761
"125",0.180548343986835,0.0925389947153796,0.372265015605646,0.042153097241699,0.232314426133234,0.0801801223172069
"126",0.0820120130928787,0.162716118871591,0.431887125147681,0.094289796817306,0.139562442033388,0.0895325040371557
"127",0.0574902300390072,0.0830676023061044,0.368237356486781,0.0469099722105208,0.379150925310169,0.0651439136474167
"128",0.179942303450708,0.0743878874215003,0.545135961261844,0.170313335701727,0.0203254072536282,0.00989510491059186
"129",0.180863294996,0.247019807991125,0.193185082605178,0.00564037194086771,0.11902415943003,0.254267283036798
"130",0.111623660929993,0.246082991440555,0.313107048772462,0.0107806246004821,0.0191425845466908,0.299263089709817
"131",0.0800447001791253,0.036703307803109,0.391637698264548,0.100709387966285,0.277786926431186,0.113117979355747
"132",0.309421727196051,0.0788692264999204,0.417725001735801,0.00281605460609137,0.0859047277330738,0.105263262229062
"133",0.127960699515058,0.220066564674003,0.325200550836648,0.121157000481582,0.178215159422173,0.0274000250705366
"134",0.137830556095625,0.0981709058793943,0.370979793262966,0.0455586765405444,0.231653728706119,0.115806339515351
"135",0.0788175544013336,0.247925922580731,0.577326485156207,0.0719872175605945,0.00159076762895636,0.0223520526721776
"136",0.0675204256750591,0.0275112384621481,0.319683765743926,0.0141784306998713,0.494097516056412,0.0770086233625833
"137",0.326075876425596,0.0294858772209195,0.375642388941616,0.0155542002107256,0.104793972198651,0.148447685002492
"138",0.0285894217465789,0.0847657158895828,0.118596832842394,0.0222721921878179,0.694610995742166,0.0511648415914602
"139",0.0532487309050829,0.142326406962026,0.514382027742795,0.0468258473679411,0.106098400046585,0.137118586975571
"140",0.0317145332954855,0.0207279251262222,0.610694372062699,0.0527954889341423,0.109069795558714,0.174997885022738
"141",0.0160211027584897,0.343501109046497,0.462721684411488,0.0970878439690632,0.0702534269895087,0.0104148328249536
"142",0.378218058394588,0.166735106051842,0.242386181651061,0.0406836507362665,0.139477343445226,0.0324996597210164
"143",0.0338844615316284,0.242066744285119,0.356189386608178,0.07523180277505,0.276337128136198,0.0162904766638264
"144",0.204925677711069,0.186607185868407,0.362969439196456,0.0749939687899729,0.141937155396971,0.0285665730371238
"145",0.182260441972161,0.135099092476854,0.485260721566075,0.0349167607444635,0.0118524140828484,0.150610569157599
"146",0.0179510701441355,0.0403084859178713,0.613359193962925,0.0429611522896435,0.153856679176518,0.131563418508907
"147",0.0346079949471525,0.228548863618648,0.293893386981869,0.151724237306095,0.215452605363509,0.0757729117827262
"148",0.282817327321146,0.107730951100145,0.432301631748492,0.0382889640059173,0.0892163122494321,0.049644813574868
"149",0.0813891202012148,0.324608050712676,0.20090129691505,0.0821919119035347,0.267026066479985,0.0438835537875398
"150",0.221174873681272,0.201261188940359,0.282130199444228,0.0671360589282721,0.192858154597134,0.0354395244087357
"151",0.164975864224232,0.211748204219155,0.407913589054201,0.00285738679173621,0.0656616833298496,0.146843272380826
"152",0.17940784162082,0.0569543612545592,0.533123841346092,0.0602994987385088,0.0133702645131952,0.156844192526825
"153",0.012190161340716,0.253542639344645,0.417572195235342,0.074886480896617,0.146425919207715,0.0953826039749649
"154",0.306767650867697,0.0168035923558992,0.420370185589609,0.0461503932836997,0.0173337532337033,0.192574424669392
"155",0.113709664463167,0.0139681700994334,0.408880850765159,0.0837953269211805,0.284525959490579,0.0951200282604822
"156",0.327121823989991,0.165328834803625,0.381607498343242,0.00375172302264869,0.0382545120288497,0.0839356078116434
"157",0.0746375901021466,0.0896613148253136,0.16267303776984,0.0154198162547135,0.477828043955754,0.179780197092232
"158",0.416284649531033,0.0866136014192909,0.392196634461811,0.0463334996647242,0.0436648741826445,0.014906740740497
"159",0.134102117463953,0.00649479534401626,0.544322914546068,0.111098359162201,0.0957587904440675,0.108223023039695
"160",0.0295377812004688,0.0899903258597269,0.485992079436166,0.1372217679872,0.0967551968138895,0.160502848702549
"161",0.370699276339192,0.0661382212009218,0.373530908463762,0.0160631559688903,0.142690085844314,0.0308783521829191
"162",0.0468146321405757,0.147558288905713,0.383429873326913,0.0846536237456174,0.130759993814083,0.206783588067098
"163",0.0409605389149088,0.0408242731560364,0.144456666609025,0.0141276808602834,0.699654920055315,0.0599759204044314
"164",0.142218548877438,0.252383883370582,0.48535834568833,0.0565554530447927,0.0551750114960196,0.00830875752283727
"165",0.106642289911875,0.0367829197311809,0.326650721325729,0.0620413927857781,0.135561019123292,0.332321657122145
"166",0.0637359198749102,0.0221652571505941,0.430892983444641,0.0922318599707599,0.385413991415992,0.00555998814310299
"167",0.164023978494271,0.100985767493806,0.404989033907352,0.00324712603315601,0.313976286259703,0.0127778078117119
"168",0.0756887142166572,0.00802682610056792,0.132877618453748,0.0844347895296901,0.644854852940982,0.0541171987583553
"169",0.235138336757602,0.0117244472067907,0.560692232520126,0.042116300036078,0.000833297741459539,0.149495385737944
"170",0.414627588922528,0.000479108335251061,0.415854692042257,0.0781549869900138,0.0299009155900403,0.0609827081199102
"171",0.172268651808323,0.133999839753542,0.454912985618406,0.0741910740717548,0.062634984155634,0.10199246459234
"172",0.200215987127797,0.0674969825389071,0.402019821487874,0.0047040598148903,0.162985166602396,0.162577982428135
"173",0.185595672994404,0.170428233073151,0.504177871685837,0.0349521162455889,0.0706032225432926,0.0342428834577269
"174",0.228135658265702,0.0661647230998475,0.394694368496887,0.0374043792150822,0.127278401120551,0.14632246980193
"175",0.0349254405583017,0.13124727362527,0.349112117679426,0.0150817866529424,0.25388771847154,0.215745663012519
"176",0.092213984607757,0.0743355084075473,0.545214160909031,0.113264807850336,0.130147242588864,0.0448242956364636
"177",0.369256754653865,0.0250299426927221,0.409235605007626,0.0825711766238469,0.0722429268723998,0.0416635941495404
"178",0.0648678651856968,0.174451180757179,0.503302295503359,0.0489689244656681,0.0825587439547583,0.125850990133339
"179",0.174466535930186,0.0514914466968627,0.298908822260016,0.0458899242254088,0.342605061551183,0.086638209336344
"180",0.0430910926837895,0.349320447571112,0.494336692676725,0.106196630798717,0.00499648830307963,0.00205864796657682
"181",0.0413710586675629,0.308378410870503,0.399410378776022,0.001146591288693,0.201630859651869,0.0480627007453495
"182",0.136761055508605,0.146860382134425,0.565674456966328,0.014345496154744,0.0930889730465249,0.0432696361893735
"183",0.32589904438807,0.381658910670063,0.121691921624907,0.0736921441168865,0.0654103571896579,0.0316476220104153
"184",0.171381744706127,0.0327550078754676,0.483417188143261,0.118830238686203,0.177653804355199,0.0159620162337429
"185",0.317644817751389,0.077497215785547,0.448868247795237,0.00615638062624742,0.00382119128066531,0.146012146760915
"186",0.170327033243614,0.012681309546285,0.435795438247271,0.111855849428462,0.105174352609629,0.164166016924739
"187",0.0932691122021382,0.369802139755351,0.28560151568962,0.0711073373720429,0.0975354639375805,0.082684431043267
"188",0.199737558463543,0.146219122165694,0.327666202899949,0.0438811046074422,0.00893536501174108,0.273560646851631
"189",0.34755417305185,0.0587208840749037,0.456088590203433,0.0259216247725761,0.00422263906733426,0.107492088829903
"190",0.0885063592904881,0.0272182241791456,0.564687762215139,0.101584067132795,0.147892034057514,0.0701115531249186
"191",0.203952905416318,0.186652495842295,0.350434779395461,0.059896422852984,0.082435348954887,0.116628047538055
"192",0.191308876465739,0.131179312436106,0.285581264028288,0.0371990902055203,0.314545999174854,0.0401854576894931
"193",0.0316821859585092,0.116661365280976,0.511497784124079,0.197692122158343,0.00346079082082628,0.139005751657267
"194",0.241483518868144,0.202045562485399,0.471489305226664,0.0244779343321275,0.0239328961250224,0.0365707829626425
"195",0.045532638626116,0.327330376079058,0.372110205797708,0.0295485892073162,0.215394408793631,0.0100837814961707
"196",0.0640284330769412,0.396606437511682,0.446859521640812,0.0346477890693097,0.0433373388723958,0.01452047982886
"197",0.00712968547526845,0.166297134226594,0.596975653180657,0.0534152405364801,0.0490091058152538,0.127173180765747
"198",0.071998156670669,0.000380795277242563,0.501254851969384,0.126714354259963,0.227358527510737,0.0722933143120042
"199",0.00667356579911398,0.136296537483212,0.518912824176909,2.45510766369367e-05,0.0443017818051481,0.29379073965898
"200",0.0723078773176162,0.0325636844141169,0.32290426460675,0.0934721321803444,0.42992127138571,0.0488307700954626
"201",0.395768578012638,0.0734415933670622,0.295308809619564,0.0123907022127457,0.0908265702207039,0.132263746567286
"202",0.309927948457156,0.0734879111996632,0.39769653066964,0.126299082362251,0.0877349970437774,0.00485353026751252
"203",0.179696585530871,0.262924797940215,0.396792509242317,0.012784893077703,0.02083414179247,0.126967072416424
"204",0.0238182436977805,0.0771171969858261,0.485214376584437,0.116761675205858,0.208295475615988,0.0887930319101097
"205",0.0854570595111773,0.101837679677362,0.451266311929784,0.071942643612103,0.211212897430312,0.0782834078392627
"206",0.0990418680971239,0.0854060085093083,0.521781453326453,0.126306773927082,0.0242794978557446,0.143184398284288
"207",0.180496468663389,0.0755784097151865,0.548316058324686,0.0523854777585888,0.0934906060334507,0.0497329795046991
"208",0.126853409287366,0.0248629827895953,0.485780220715992,0.0755303969227344,0.0852740830315048,0.201698907252807
"209",0.313076100252071,0.135162834709856,0.375450193122414,0.0757961626223526,0.0449358909739623,0.0555788183193436
"210",0.291510296815867,0.0502792775958309,0.317708949214173,0.0859516599371256,0.180893395537706,0.0736564208992974
"211",0.44118002473903,0.011248936912311,0.511383319550714,0.0260004605169502,0.00110548002055452,0.0090817782604401
"212",0.278770251846076,0.0316363350098023,0.327111501093215,0.106262063265898,0.211801299454435,0.0444185493305727
"213",0.122350043911709,0.119210138694984,0.413961844169087,0.0747814111555245,0.174473439284714,0.0952231227839816
"214",0.271368819136327,0.107469780974621,0.405143300645073,0.00451285595350582,0.0244692400921893,0.187036003198284
"215",0.0989781990826016,0.0836174040389585,0.522159421527474,0.0164843600324627,0.224039753024296,0.0547208622942077
"216",0.0694186596251584,0.0788877396943244,0.306141605207027,0.0632078867753349,0.445356689880164,0.0369874188179914
"217",0.229658312597377,0.0251360052146688,0.395481625977433,0.0634636544823062,0.0300558416637848,0.25620456006443
"218",0.104698618654666,0.0498009962670425,0.315070450017834,0.0606124767041967,0.37078815061602,0.0990293077402404
"219",0.113169118284794,0.0683983779725506,0.372854748871491,0.0917497159442336,0.248510381848057,0.105317657078874
"220",0.144658019566913,0.00255984197711833,0.38422700878683,0.0264131110235475,0.284200001753025,0.157942016892567
"221",0.172700357425409,0.0254770311364476,0.50133268302911,0.0684403987553635,0.023797885686567,0.208251643967103
"222",0.138173241602524,0.0080415813750279,0.353543649331831,0.00958581513039754,0.419118519637849,0.0715371929223707
"223",0.28112233109621,0.193069289236723,0.34229432504188,0.150206135192223,0.0298035669130357,0.00350435251992808
"224",0.215184319003723,0.144079007800532,0.504914123710337,0.108479913948546,0.00643593502906541,0.0209067005077974
"225",0.00517251005961029,0.0832166208489684,0.382593951897781,0.0917365164765413,0.340622836987897,0.096657563729202
"226",0.0172210468570597,0.421031116390183,0.257065235395003,0.054788255862895,0.175869835220745,0.0740245102741138
"227",0.216054765068309,0.130723583849757,0.210797890315868,0.087686163766053,0.224820248935432,0.129917348064582
"228",0.155267051310693,0.0222942114158048,0.401037914575163,0.10156070129827,0.233183021725923,0.0866570996741448
"229",0.0524611551373199,0.14019363490898,0.357342300203236,0.0317890237475245,0.378666438274067,0.0395474477288723
"230",0.247343605180232,0.104525142256529,0.282627424155082,0.0287861181816444,0.226000852573896,0.110716857652616
"231",0.0070743266667427,0.256427390751381,0.518369011186161,0.0371637264184712,0.149939013159626,0.0310265318176171
"232",0.0906998765554962,0.29021027465858,0.429032875748544,0.0334388648006819,0.134893957793774,0.0217241504429238
"233",0.27626635904291,0.219574138855541,0.279389158237361,0.064524571584227,0.150834109692236,0.00941166258772527
"234",0.0443080379881142,0.0705098438959591,0.652756827226864,0.0183053879960982,0.0178707319402753,0.196249170952689
"235",0.21194686587113,0.273641066651839,0.348645943575554,0.0490614498231715,0.0803682012297819,0.0363364728485233
"236",0.00397873632313324,0.0384475979248881,0.536530563534392,0.00429797771569623,0.209261849220302,0.207483275281588
"237",0.315440548886595,0.16952694384074,0.407340689758322,0.0195669163972742,0.0351202150995765,0.0530046860174932
"238",0.000662447504611223,0.140985463237442,0.416473970062082,0.028128295855161,0.158709044929424,0.25504077841128
"239",0.0297905729648064,0.0448761161242332,0.566054155600944,0.125310687744072,0.171176818636263,0.0627916489296806
"240",0.272219737186282,0.0960273904939392,0.323255410762358,0.0502459907469603,0.0923815508131324,0.165869919997328
"241",0.00905049598739943,0.0379887248010066,0.485606694971354,0.00613530685815418,0.269793225678171,0.191425551703915
"242",0.0524481619813282,0.214194612987162,0.517790281093456,0.078304271232363,0.0453897144385132,0.0918729582671775
"243",0.0548662120191033,0.275148094359576,0.154019545424176,0.00148365655127684,0.242449491402329,0.272033000243538
"244",0.150864873945854,0.27008159734265,0.263981271010838,0.0469701638133952,0.122524339230658,0.145577754656605
"245",0.000625474733081478,0.238908383112211,0.317499944363066,0.0971650027341463,0.253304250636567,0.0924969444209279
"246",0.160783882570248,0.0770499813024752,0.499875879002467,0.14209858305009,0.0202504886898792,0.0999411853848406
"247",0.0501533060804061,0.134926413830975,0.295293751952119,0.0294615805382324,0.389488186738024,0.100676760860244
"248",0.0404510250075059,0.0363787282404305,0.524122079901539,0.0989861870237804,0.173920473333489,0.126141506493255
"249",0.271081195516144,0.0677140237807732,0.369000130665774,0.107161312114343,0.18318977690266,0.00185356102030558
"250",0.0838701902013305,0.388571875993229,0.290665650613693,0.0368439875837689,0.0955704326952596,0.104477862912719
"251",0.073184129144971,0.180118414434057,0.441920555696349,0.039519952298013,0.162533319670486,0.102723628756124
"252",0.0135767841408564,0.0688136539858369,0.596026013584661,0.245281734196559,0.0464271157405967,0.0298746983514902
"253",0.124415844874367,0.0098813936194928,0.607563811293978,0.144946280197705,0.0697191793095917,0.0434734907048657
"254",0.289743448459209,0.0107435094224299,0.165802355744803,0.132013997490421,0.298503724169551,0.103192964713586
"255",0.000383532772522502,0.0654114146847426,0.49068223967253,0.11179458970719,0.153161022598623,0.178567200564392
"256",0.0515348089306106,0.112603054582851,0.304145538512083,0.0605624598408701,0.336823176726718,0.134330961406867
"257",0.00593169725677916,0.0594636805102114,0.104501500198571,0.0037634286360433,0.798139139477965,0.0282005539204305
"258",0.100184771168672,0.194838128731143,0.272171736488364,0.111999928660805,0.308975753392257,0.0118296815587588
"259",0.0351401982477256,0.0706007471846452,0.530880502105723,0.162082041986904,0.141498816835356,0.0597976936396463
"260",0.0557986733295596,0.0412643435465934,0.481067174430699,0.0814451211077257,0.179317638908833,0.161107048676589
"261",0.094410690405249,0.0187918059668364,0.377328175627232,0.0889192041383475,0.193688573379634,0.226861550482701
"262",0.0835050771894423,0.222310900573264,0.36426157433674,0.078176004441013,0.200826195325456,0.0509202481340846
"263",0.229312024294426,0.0491211180529017,0.417200306574825,0.0333642696721698,0.0205495624180759,0.250452718987601
"264",0.147210407930949,0.196638023291253,0.44285646191755,0.0929424053056486,0.0419775603766099,0.0783751411779894
"265",0.170330129598943,0.184772376438219,0.365710865574744,0.0227659478766185,0.066467180718703,0.189953499792772
"266",0.400478119234484,0.128686204044373,0.252605817908231,0.0399810962799041,0.0754128326305539,0.102835929902454
"267",0.452805510079671,0.00729265414347147,0.416403672941866,0.0441281223143211,0.056134656389833,0.0232353841308376
"268",0.0214712392310315,0.173143365509276,0.47797915480214,0.059997331369556,0.148789436103905,0.118619472984092
"269",0.0837509866762323,0.111102110209031,0.56136572258801,0.163124197900684,0.00455657291405114,0.0761004097119908
"270",0.0704283629713433,0.0191432575108123,0.576611679146611,0.176108771160225,0.0277401708549344,0.129967758356073
"271",0.0280188844602546,0.0369070010506636,0.396450668726912,0.0166001619007394,0.350908601296238,0.171114682565193
"272",0.0117416110376556,0.0142046444141183,0.378069869208989,0.0968636162921207,0.458942284361904,0.0401779746852131
"273",0.0825430048549914,0.0839928368227918,0.439619636778805,0.1511511045035,0.209934437864555,0.0327589791753565
"274",0.0195857191237076,0.0536109602486084,0.391247952427845,0.0094974365432459,0.0735954071445605,0.452462524512033
"275",0.0387614157638233,0.254147636091505,0.549941237446611,0.0138081280948769,0.126987086748959,0.0163544958542257
"276",0.218633507318579,0.0448171035744972,0.427855701792527,0.0180885671215274,0.0661968504703371,0.224408269722532
"277",0.0748656929381721,0.0172424840636814,0.458238162034194,0.146008787113874,0.243720801871474,0.059924071978604
"278",0.0277272462530757,0.221644210379508,0.517496127290284,0.0047642524410917,0.0151132775820782,0.213254886053962
"279",0.153224182093176,0.0503350347866078,0.400629189185762,0.0472917658579894,0.258522857377716,0.0899969706987492
"280",0.0989993548917984,0.0935054035847734,0.513472250755922,0.200196853263264,0.0639460942018838,0.0298800433023585
"281",0.189147490667087,0.124401320148358,0.464321364985574,0.0392447568659695,0.000943551451943682,0.181941515881068
"282",0.129178536286059,0.174428965165772,0.393080089237545,0.0838061365949191,0.130478944197268,0.0890273285184377
"283",0.275240429037395,0.105167202413095,0.320213575462982,0.08687281847322,0.200569704600842,0.0119362700124664
"284",0.240000521771634,0.272821375525986,0.0847545386657384,0.0102747879259344,0.375155984265694,0.0169927918450131
"285",0.0773431230309858,0.0357908975717326,0.228946735121602,0.0611875644092899,0.582635374611333,0.0140963052550559
"286",0.185803483232073,0.054705061423019,0.395339704255498,0.00150387250704946,0.285427047284789,0.0772208312975709
"287",0.0993506895777842,0.0244219347587826,0.317820835682223,0.127314467978242,0.395790141617178,0.0353019303857905
"288",0.206776785075518,0.00978249380375703,0.510830679407639,0.10467759033892,0.128642063096927,0.0392903882772391
"289",0.063515312854193,0.120823706895053,0.574311066972231,0.0683079453832212,0.0822324882557351,0.0908094796395664
"290",0.0265819395055713,0.0324384985895554,0.448143375300815,0.0591743064082483,0.254466202715029,0.179195677480781
"291",0.298892030322871,0.297703371810464,0.214896363845042,0.0835468421817661,0.0908333879522251,0.0141280038876308
"292",0.0380943613877556,0.0550707188083279,0.0750800249290367,0.0343754370868342,0.781580016523922,0.0157994412641231
"293",0.310037399925139,0.0084517724958129,0.459070420500589,0.00991884276480712,0.0662370476903981,0.146284516623254
"294",0.293858773175001,0.294783604974525,0.225435510624304,0.0412386269576109,0.0332822343256857,0.111401249942873
"295",0.123941551664041,0.185968901054902,0.319995841743081,0.0181311711269876,0.333896800915875,0.0180657334951132
"296",0.316578472872352,1.84207085876342e-06,0.357004990544917,0.0220052762247352,0.118339843477286,0.186069574809851
"297",0.24354639996992,0.1042595338737,0.17524512910443,0.150599831082248,0.318633723999369,0.00771538197033319
"298",0.0920665771219493,0.133536655261958,0.448063010489375,0.0804564516262161,0.119408523784708,0.126468781715794
"299",0.107348610421341,0.0193304350245384,0.45138051210956,0.0565641398811993,0.0949466716809129,0.270429630882448
"300",0.192866451959427,0.126238962520327,0.292572132320775,0.0673949042489322,0.247183320990382,0.0737442279601566
"301",0.0750373293585561,0.0830768129400635,0.483589725664983,0.00784145496172561,0.21940858347462,0.131046093600052
"302",0.190349967459789,0.120300663561319,0.324294632336524,0.0049352793408885,0.274049075420682,0.0860703818807983
"303",0.290854071278845,0.000338433469177678,0.558259327110516,0.0743069188322771,0.0204750804449339,0.0557661688642503
"304",0.0631485840151779,0.00208729293109378,0.579694151805069,0.0528839681842594,0.112351206762196,0.189834796302204
"305",0.133760843754615,0.158075146237744,0.182664413660309,0.0337727570161305,0.338272970229395,0.153453869101807
"306",0.0441779419790483,0.0773568637376223,0.561043665323523,0.104525156812112,0.0483312367579962,0.164565135389698
"307",0.228919364571067,0.00797773785310259,0.424425023376228,0.0289779093015765,0.116951461824302,0.192748503073725
"308",0.181013329414713,0.130795379968351,0.343733411595922,0.0474560806596716,0.272238244045199,0.0247635543161437
"309",0.0441850498207408,0.212859578593721,0.488173172835678,0.0762577209964014,0.103621286489415,0.0749031912640439
"310",0.0602199994085855,0.353660053327938,0.47637694321365,0.0345414826404893,0.000179913254198225,0.0750216081551384
"311",0.0259364724899886,0.0652667179443492,0.261279707758736,0.0559650369253953,0.531807531098632,0.0597445337828984
"312",0.0502780641298887,0.0363606756038675,0.334670439924719,0.0685867343469903,0.509523329131725,0.000580756862809524
"313",0.0502361353571647,0.129354452374982,0.540383965829105,0.0392769107775977,0.0798456286381367,0.160902907023014
"314",0.0255879911178711,0.189365499725513,0.457161550986903,0.00976987768734139,0.0307700907029978,0.287344989779374
"315",0.236745065407292,0.0309314682445783,0.549458106301983,0.108204327790038,0.00284326446144859,0.0718177677946597
"316",0.0663794443908168,0.288585347822157,0.207281418075902,0.0203683181686435,0.390871011120693,0.0265144604217879
"317",0.311674707429768,0.109306892225511,0.373746856715634,0.0997741192339674,0.0974463644133726,0.00805105998174655
"318",0.0713080024350347,0.159715280275828,0.593901911717792,0.113592310492837,0.0020396445237261,0.0594428505547831
"319",0.0361005933106974,0.235958248330776,0.218968707324121,0.0104647084301862,0.327763260345088,0.170744482259131
"320",0.0854211849731616,0.0186005480244093,0.460855881775141,0.0254488350352681,0.0778861324399521,0.331787417752068
"321",0.148722810866483,0.0192297338386342,0.161618790902811,0.0841702536265337,0.342439483531112,0.243818927234426
"322",0.190796869043819,0.0366771804101022,0.502577525259009,0.089207603755776,0.106103448693808,0.0746373728374854
"323",0.0273146368822648,0.28940104147159,0.323943604355497,0.0487429166720745,0.0698542452752673,0.240743555343306
"324",0.259263554111612,0.274224850736316,0.268365949722227,0.0234095219444507,0.109514213360938,0.0652219101244556
"325",0.0279427129947784,0.178721528432743,0.302876073697533,0.122295469261963,0.24978369456293,0.118380521050053
"326",0.284710582068232,0.0597377196083562,0.401965759573341,0.125752198242444,0.0921484546142708,0.0356852858933562
"327",0.093374631999454,0.093641907395893,0.52204549632675,0.12568455064207,0.158645784670084,0.00660762896574925
"328",0.311226363855815,0.0683955880129217,0.439410968305974,0.0130014853880736,0.110292749732723,0.0576728447044926
"329",0.258165436117496,0.0174513698517461,0.434339699812107,0.00113266817956426,0.243680488785659,0.0452303372534269
"330",0.257437932353559,0.0340370570595095,0.502392820472844,0.130274786140372,0.0637878262303136,0.0120695777434022
"331",0.0182266960089618,0.0290312588199615,0.438185221095561,0.183507929941593,0.225241722610176,0.105807171523747
"332",0.335292271895371,0.0725907087109486,0.431209417789924,0.0804290411994604,0.0689124209922906,0.0115661394120051
"333",0.0280110016893851,0.0920299945944106,0.432837167232432,0.0817325293994821,0.34461896322284,0.0207703438614507
"334",0.2553689263365,0.01807556352226,0.355389790316603,0.0667061635819773,0.257649542695427,0.0468100135472332
"335",0.240326486946772,0.0805706081814336,0.358553950152514,0.0118767773358796,0.124638576064007,0.184033601319394
"336",0.113268612297785,0.183959640740109,0.275909383914129,0.0312704212142342,0.320287124838531,0.0753048169952119
"337",0.00398213855345957,0.0506433929684975,0.612898005620922,0.0674940300711507,0.0632827102404239,0.201699722545546
"338",0.0053839263852776,0.0747468479333571,0.529103570391929,0.0377977445289087,0.0764476113880169,0.27652029937251
"339",0.08056093015832,0.0291687370047361,0.564450704263296,0.155524196969455,0.0714537418155659,0.0988416897886276
"340",0.270731167786278,0.0919298740238014,0.191773676801054,0.00889897565834762,0.422978874137672,0.0136874315928468
