"","V1","V2","V3","V4","V5","V6"
"1",0.0645376195877267,0.149902242216175,0.175868851689109,0.279698680073313,0.316932862305447,0.0130597441282301
"2",0.260914885162494,0.0789063605305584,0.106044632878523,0.327484966145589,0.204078982234751,0.0225701730480843
"3",0.224552660415031,0.153250942184399,0.140161940255178,0.318284232048902,0.114818088172664,0.0489321369238261
"4",0.130756914782636,0.031143341123015,0.322468243783252,0.352265094811006,0.089568060182303,0.0737983453177875
"5",0.0820779786202643,0.00796927719300204,0.334451024270408,0.257710762479663,0.0441379614065704,0.273652996030092
"6",0.170376383043711,0.0725227652864274,0.226600795389287,0.302698883145718,0.0714623951572126,0.156338777977644
"7",0.015454709832539,0.0298835542222253,0.147879915911635,0.248683377225431,0.343388852662213,0.214709590145956
"8",0.255035464508362,0.137605712766361,0.128201905091858,0.312203115965372,0.0911178586823979,0.0758359429856485
"9",0.13786031936946,0.104002388826973,0.26258154614147,0.322595482002724,0.0871777145213635,0.0857825491380088
"10",0.254384564421802,0.0729542740756524,0.179473459855844,0.323075835910831,0.0666815475785531,0.103430318157317
"11",0.24963259882367,0.0950532885956753,0.208560995903182,0.292025203587765,0.00130343941605586,0.153424473673651
"12",0.25876625562381,0.0521873766747977,0.0626541872233098,0.251364329400393,0.194106597942767,0.180921253134923
"13",0.139500725966378,0.0165628087964161,0.333624396582165,0.36489466670857,0.142176958004414,0.00324044394205703
"14",0.493806723270325,0.00912223926888365,0.0648588477176521,0.289277291714701,0.102855261103816,0.0400796369246221
"15",0.0457951605411994,0.0148089864033887,0.402222528403199,0.290070698083877,0.0162675128878691,0.230835113680467
"16",0.119614101821809,0.0138467928444814,0.39539988602369,0.397032845344985,0.0494733629343939,0.0246330110306402
"17",0.187494086591452,0.0418302671835733,0.351310555252216,0.391796453592331,0.00138888844892652,0.0261797489315011
"18",0.00188816835733761,0.0494397483428369,0.228221987561131,0.135740242082891,0.427698018506161,0.157011835149642
"19",0.052094758108154,0.175727688264811,0.0377281480376514,0.270522706346943,0.346246792771732,0.117679906470708
"20",0.0782108260814776,0.0315186688137121,0.288825525735424,0.336182460585825,0.0714629915023167,0.193799527281244
"21",0.0256646750333644,0.0162089159686553,0.194006542200851,0.308137517211096,0.285805436529455,0.170176913056578
"22",0.091499254375586,0.0756933219898347,0.249480161206033,0.353206586259515,0.189456946957723,0.0406637292113079
"23",0.00741917150352799,0.103415696329663,0.403787578673365,0.364661214397449,0.00548312309103293,0.115233216004963
"24",0.328442116282395,0.0725373859192724,0.0838906351176155,0.248514542058582,0.0523622116439757,0.21425310897816
"25",0.264507606632781,0.0506048441811236,0.165668525428311,0.156694031031814,0.139127034082453,0.223397958643517
"26",0.0318097058865957,0.107306863475815,0.106191299964977,0.300042263882261,0.295019314966081,0.15963055182427
"27",0.00539382005089134,0.345239485299612,0.054489042513419,0.274808492628765,0.0871991986938494,0.232869960813464
"28",0.0658367439090862,0.213843487545674,0.0431556896579785,0.331651596899992,0.305378612998748,0.0401338689885208
"29",0.0463660406626762,0.277349183717012,0.114946923012642,0.191709379421312,0.0929868993538348,0.276641573832523
"30",0.00753269720561365,0.190778781064198,0.242795054035726,0.319173922293421,0.045435069255965,0.194284476145076
"31",0.115285691300185,0.0755526177403015,0.352456740898863,0.379328054751358,0.0662527489400441,0.0111241463692484
"32",0.0213802181555429,0.249114277468554,0.238257029000385,0.334855576077853,0.0534012256465449,0.102991673651121
"33",0.318902309325881,0.0375158717165764,0.112359195756259,0.305200884169564,0.160541477790494,0.0654802612412257
"34",0.173151361864314,0.0589827981080806,0.17407194906772,0.375341892815823,0.161220994939062,0.057231003205001
"35",0.0515749280858792,0.0520896906644763,0.0776651465557238,0.258573400604029,0.269825689867404,0.290271144222488
"36",0.130686352150414,0.0381639909715977,0.290152907021815,0.271801281491097,0.172852469972116,0.0963429983929607
"37",0.0696601349601547,0.0551334485261403,0.258162051128611,0.286804861793798,0.108551864161768,0.221687639429527
"38",0.000758602112381391,0.0763988577525623,0.225307597226453,0.350629157269591,0.199424122201613,0.147481663437399
"39",0.0998073807370041,0.0960080344092579,0.191092815276693,0.199595585341004,0.182662098197638,0.230834086038402
"40",0.369088624304224,0.0747359867219369,0.0585585204787173,0.306877290818743,0.159646934480122,0.0310926431962573
"41",0.0608487954325102,0.10105243189688,0.369919348417047,0.201788602160342,0.0885813895147487,0.177809432578472
"42",0.0257553057089823,0.0771499085929938,0.254111509023273,0.293713853444877,0.136952669491109,0.212316753738765
"43",0.106631410184651,0.090466067330019,0.378400848177332,0.340868893096222,0.0276807007830255,0.0559520804287511
"44",0.211227570583226,0.0550012559479605,0.166977987563381,0.107270969459971,0.121836674835651,0.33768554160981
"45",0.00849590077414068,0.0871807602954498,0.226112250135238,0.324000219892861,0.338350364574296,0.0158605043280136
"46",0.105812767644529,0.0376084732912873,0.228391378178013,0.0705936472392413,0.410602479648514,0.146991253998415
"47",0.0464267623728949,0.0750395365517861,0.307253715412145,0.300423054425288,0.192483463540683,0.0783734676972041
"48",0.075941921254016,0.112174802534273,0.196628478659257,0.205424465557026,0.0891338244747183,0.320696507520709
"49",0.0464807316839107,0.0703452947283433,0.137061676599473,0.279719225389445,0.367114475241064,0.0992785963577647
"50",0.0529871086079185,0.0542217143048925,0.260667376149365,0.384821852805594,0.217440150081012,0.0298617980512172
"51",0.153225776746204,0.112381079265983,0.156643310425338,0.298303567906258,0.155917550122291,0.123528715533927
"52",0.213323780875396,0.0047266287422885,0.144000846014106,0.273276752969742,0.146006059906022,0.218665931492445
"53",0.14188927530088,0.090084876544792,0.222454275777612,0.288954187694741,0.0862980471581014,0.170319337523874
"54",0.0853377453844664,0.00459175318521703,0.41641365666289,0.274191754407384,0.16981434519448,0.0496507451655629
"55",0.273612297199904,0.130121098439326,0.210678403881543,0.336874066850148,0.0479542863566619,0.000759847272416301
"56",0.115905994500488,0.0800817656257443,0.179109309941123,0.35070840170569,0.229430723661865,0.0447638045650895
"57",0.181103181237262,0.134202329075725,0.104487648764721,0.119251492964325,0.0410187530923359,0.419936594865632
"58",0.00744480970484352,0.194309283159886,0.0304234174476134,0.223617450820574,0.19668739428329,0.347517644583793
"59",0.253920982410988,0.0172317056880484,0.205280975937851,0.245392881947717,0.0353754581299622,0.242797995885434
"60",0.28107962719922,0.0318784402132369,0.233295280572232,0.339713137159947,0.0980979370465706,0.0159355778087922
"61",0.379271016940509,0.0768050537446324,0.167394783504047,0.337763832515708,0.0226235660764456,0.0161417472186574
"62",0.0830709268030808,0.0839819220472201,0.277248129660145,0.308742244161003,0.00780052974382371,0.239156247584728
"63",0.572498782673477,0.0190203410349029,0.161074669409284,0.00690364190924731,0.096486872719435,0.144015692253653
"64",0.044898003971416,0.0936357103001884,0.490522769177095,0.329166278681854,0.0359211997725664,0.00585603809687917
"65",0.153854932351134,0.207629382507201,0.084523711581128,0.305632003457116,0.185170622076713,0.0631893480267084
"66",0.0309196282506951,0.154032015006468,0.321378949651757,0.291698856190692,0.00209516583408525,0.199875385066304
"67",0.13970594267244,0.0247283262105923,0.241788812162999,0.302119425060316,0.169579334563252,0.122078159330401
"68",0.122089991650374,0.00544195016320968,0.283033064224568,0.231932293676328,0.162526145936999,0.194976554348521
"69",0.0745578740023937,0.0715766005930856,0.018989774105375,0.0870187548420336,0.156911113329232,0.59094588312788
"70",0.0540550007527139,0.133122015983651,0.201782316490651,0.363026448040337,0.242151402870475,0.00586281586217134
"71",0.0619264943588849,0.034396469316061,0.440079594881061,0.247428870063603,0.0748404123401201,0.14132815904027
"72",0.28298158803173,0.0397252949877425,0.0946008651250799,0.214665406110311,0.0840579108999471,0.28396893484519
"73",0.213304499947602,0.0987363109030556,0.186152718288472,0.0848750171814687,0.231676697880562,0.18525475579884
"74",0.192162557941666,0.00606665139691566,0.333812739297027,0.329014262894269,0.0193774457322155,0.119566342737907
"75",0.0547707327160855,0.030976402804872,0.189949028480437,0.208903259200933,0.131108891512448,0.384291685285225
"76",0.0860662324692267,0.148486444937754,0.12869386518111,0.196282623967746,0.100500574539281,0.339970258904882
"77",0.256844175390489,0.0583240484701942,0.0298248600501882,0.353571072096224,0.249234765879264,0.0522010781136407
"78",0.0218476833388425,0.00159816673764565,0.197231754394813,0.339136562715435,0.369166300904359,0.0710195319089051
"79",0.0181212371317661,0.181427894345959,0.167921986455093,0.293594607982884,0.21023385203979,0.128700422044509
"80",0.122530454834477,0.157562565279745,0.0136280434885145,0.291538777876939,0.388149157371558,0.0265910011487663
"81",0.251117646063146,0.0978701229695511,0.231146718834267,0.288139819343777,0.0146050644738853,0.117120628315373
"82",0.220016935381025,0.0418007197758567,0.0172570456128012,0.233079071947064,0.258009512192891,0.229836715090362
"83",0.00113162360299653,0.130214360581332,0.252267505764798,0.232043472441438,0.0518987626169114,0.332444274992525
"84",0.145706946618946,0.116136152654929,0.178560859725158,0.208896839231716,0.106481891731163,0.244217310038088
"85",0.000232336075444141,0.334912930241095,0.258885006531224,0.276299379967545,0.0105069003404529,0.11916344684424
"86",0.124354027352897,0.0852214924582054,0.144613833653679,0.295290390771585,0.258690840325718,0.0918294154379149
"87",0.0528895066455594,0.212930050011884,0.207766865957859,0.274272296799089,0.0775590502711347,0.174582230314474
"88",0.30338007912222,0.0681294641937554,0.0585342575179677,0.261736835049803,0.217645732413857,0.0905736317023969
"89",0.432825517333279,0.0661545585242884,0.0149231760420426,0.287171272342427,0.153559528374612,0.0453659473833505
"90",0.126042323131143,0.0625378822465454,0.0574702348066697,0.343364969176324,0.367502264294987,0.0430823263443305
"91",0.0144502384587506,0.107976559974059,0.135860841643263,0.234601699816284,0.416105885356351,0.0910047747512929
"92",0.0466817551303373,0.0960664721039273,0.310677356477767,0.334049484796979,0.113909803245869,0.0986151282451205
"93",0.118861996563525,0.10003759795167,0.162216174263359,0.274241622462328,0.167627343916826,0.177015264842293
"94",0.119784543388887,0.0211506099308127,0.11067087612662,0.0949277064724635,0.0125592885337028,0.640906975547514
"95",0.270318023492598,0.0307259583560417,0.221591600200968,0.358654573693805,0.0936962411701629,0.0250136030864252
"96",0.0813941037225064,0.00990089537578014,0.24015508155069,0.330272813695785,0.22354031638162,0.114736789273618
"97",0.1522440735117,0.0623129105083961,0.108821331842846,0.223504469558414,0.173177540461415,0.279939674117229
"98",0.0835144268197791,0.0421031727939056,0.416862878494792,0.417564879900353,0.012936637897673,0.027018004093497
"99",0.0342078035975844,0.0296017982687957,0.204322849397006,0.190830322768189,0.236110353285244,0.304926872683181
"100",0.117993169539882,0.000156817457519542,0.112575489832574,0.301702855013721,0.371575201632963,0.0959964665233409
"101",0.0027340584831078,0.0617087524654321,0.179847097307561,0.325028394212006,0.332244670142253,0.0984370273896406
"102",0.458207136055739,0.0248300363553164,0.17013443089991,0.296438450473757,0.0440383756717915,0.0063515705434864
"103",0.307941360263845,0.0140454321175601,0.016009897312138,0.120567633880992,0.114920817708482,0.426514858716982
"104",0.275058401852165,0.0183882255342689,0.160369011580196,0.241213466747323,0.0351739689477152,0.269796925338332
"105",0.0709475264239506,0.161364839975111,0.156483331286914,0.289975837483328,0.240352673339666,0.0808757914910297
"106",0.129758412595233,0.0971791357330665,0.202160181420564,0.372143534326004,0.115441543285861,0.0833171926392724
"107",0.094316155720983,0.0779136038498797,0.259617238034909,0.176290071179954,0.0574404865501292,0.334422444664145
"108",0.0436444295154558,0.1386019230746,0.185030438843935,0.284995413819491,0.119531398761295,0.228196395985223
"109",0.176243278364244,0.0971490281262576,0.18582749712393,0.315631533678814,0.119553493327851,0.105595169378903
"110",0.112223074294412,0.0256849471821874,0.331268792784463,0.332510807137686,0.132005126859071,0.0663072517421811
"111",0.147925028961783,0.0554629344993004,0.322596498748789,0.354716292549825,0.106869039159324,0.0124302060809784
"112",0.033294839426711,0.0634976910594616,0.360686823995085,0.327071341582713,0.136806984781312,0.0786423191547176
"113",0.00293447611202886,0.249616442017331,0.214308192482475,0.36316328740225,0.161698069720328,0.00827953226558727
"114",0.006172730771232,0.090956878304179,0.158941616674104,0.020901326447809,0.306597995377715,0.416429452424961
"115",0.0131864245025011,0.0916858240577445,0.267073320171829,0.290547940338193,0.118474377993191,0.219032112936542
"116",0.15879979408058,0.117775023344902,0.205716744768572,0.280843643378719,0.074780187748592,0.162084606678635
"117",0.139280871908735,0.121802353117056,0.234197245068371,0.327779526185763,0.0735645099381955,0.103375493781879
"118",0.205760637819649,0.053762307857903,0.134051219900245,0.295884348862819,0.226025535519077,0.0845159500403069
"119",0.136865882526392,0.0818940337468708,0.00565527953915267,0.195395839098274,0.408707723073801,0.17148124201551
"120",0.256841563864824,0.144570346559516,0.052814144355363,0.307565672046963,0.207501621157985,0.0307066520153483
"121",0.199002688913051,0.0096145912119621,0.179379352650884,0.30034161430492,0.255170202424206,0.0564915504949771
"122",0.0542236845273876,0.0106141840233072,0.291229479689133,0.31188428133268,0.0918031010485211,0.240245269378971
"123",0.222716900658297,0.0113638286018885,0.190640136703829,0.335553448885592,0.212870477272999,0.0268552078773939
"124",0.508454686035758,0.0063506410379925,0.0559540912671194,0.274175171489941,0.109739551858398,0.0453258583107916
"125",0.200502878476003,0.112906664203044,0.0176389282741615,0.0528799812370983,0.537258594052479,0.0788129537572142
"126",0.0783523101742325,0.124352536636152,0.127186423109687,0.280695735889903,0.202224587063576,0.18718840712645
"127",0.0398818765507038,0.118517037899176,0.0996219770314279,0.34878238630132,0.311979221050638,0.0812175011667339
"128",0.199753906579697,0.0782551701012646,0.299456083294196,0.374616144532785,0.0384821222283588,0.00943657326369803
"129",0.0100285286481886,0.229999095818566,0.0777890094420671,0.320010069296466,0.262827995719378,0.0993453010753345
"130",0.400185763045828,0.0220744548816057,0.127588103214166,0.347223363720384,0.0513806745336712,0.0515476406043441
"131",0.0327481573693767,0.0825514737060087,0.12302159294451,0.236360859647449,0.260251623061914,0.265066293270742
"132",0.189927953141174,0.345572545143143,0.0606210012065146,0.279799122348397,0.0610124644592485,0.0630669137015228
"133",0.107041744863485,0.0583399977461434,0.201301870592676,0.249226024294918,0.121729236713209,0.262361125789568
"134",0.0853281309030829,0.224330267674078,0.264773263691576,0.0655822770858818,0.0844090376925965,0.275577022952784
"135",0.274681487730584,0.0429396982937302,0.31641089282775,0.238762780620039,0.0364600816149534,0.0907450589129433
"136",0.0967943860657316,0.0424958666323875,0.157427022684213,0.348119463938232,0.306118353488686,0.0490449071907495
"137",0.0602913262276494,0.178963615376474,0.265540822287707,0.299320138744171,0.0425536543112444,0.153330443052754
"138",0.0894807911871521,0.00511990541002423,0.235553200035829,0.34003038277311,0.202466120560235,0.127349600033649
"139",0.0554146657361644,0.143204331708019,0.101478212209654,0.14676449101805,0.101927700421571,0.451210598906542
"140",0.125414147870205,0.0790405537845348,0.127915705054478,0.237595513874859,0.231259579350206,0.198774500065718
"141",0.342497982613852,0.0743982911492192,0.0258832288581188,0.217887828717284,0.101436655327621,0.237896013333905
"142",0.330524744571094,0.134882764805739,0.0264608930927689,0.259432393885882,0.0539823277208097,0.194716875923706
"143",0.0795611149458972,0.138759002746271,0.215489208548361,0.233104521837751,0.0463766010823892,0.286709550839331
"144",0.111642249585691,0.135858057243851,0.328699143640442,0.280736547431136,0.0351789189687185,0.107885083130162
"145",0.168876015658184,0.0466942111548068,0.220783500648956,0.181048167505214,0.0324848989692884,0.350113206063552
"146",0.0276061536299639,0.108715286441709,0.121732876417544,0.301890709636555,0.329687019750441,0.110367954123788
"147",0.354828931807195,0.076994473264947,0.220721292022068,0.299438728608167,0.0369666914195555,0.0110498828780668
"148",0.0365470484641013,0.0597561876318615,0.275204340257632,0.232820243716207,0.0420142694980637,0.353657910432134
"149",0.0373930943757525,0.0210326814702115,0.295600174501833,0.13333164803077,0.0327374685550262,0.479904933066407
"150",0.350067001882796,0.00291188027350191,0.192045980710503,0.367467498117702,0.0675252879266191,0.0199823510888771
"151",0.306223881666348,0.101187134350777,0.0613350097567722,0.200394735597728,0.00889971584252416,0.321959522785851
"152",0.293348269541672,0.0113509385227565,0.255591739509361,0.291995990448642,0.0208124155007631,0.126900646476806
"153",0.241910033381586,0.02844707889841,0.17217665239019,0.287886469863429,0.127904523419376,0.141675242047009
"154",0.064533628232354,0.0220699000805799,0.0737608353370111,0.272488707881793,0.396629613845234,0.170517314623029
"155",0.141062833909258,0.102692974643839,0.315779434908947,0.323572356196662,0.0123369112150003,0.104555489126294
"156",0.358569115063878,0.0744417838805828,0.0294221826176586,0.165775462161555,0.21355741355069,0.158234042725636
"157",0.062085786518305,0.289980961667714,0.0573579333756644,0.340934920942301,0.171088200925187,0.0785521965708273
"158",0.0597463922296709,0.00243920467982238,0.43473040398396,0.419858533509783,0.0784004130223226,0.00482505257444069
"159",0.266844196315911,0.00624601177563797,0.177888077374462,0.312099978192307,0.216038548395387,0.0208831879462954
"160",0.0381101295900104,0.209214006230176,0.119585101099557,0.110649421001044,0.342371248045305,0.180070094033908
"161",0.152161775648696,0.0717957327255965,0.339087417558218,0.356847184537069,0.00860125780638722,0.0715066317240329
"162",0.0979138801702625,0.0790100246602263,0.386626510264277,0.39110143262902,0.023985522322878,0.0213626299533368
"163",0.0666277444030118,0.200370587361024,0.0197204731091948,0.221961079850548,0.413249744729133,0.0780703705470883
"164",0.0626020247243406,0.0280813435112535,0.278992968793432,0.32111901024221,0.2277312890094,0.0814733637193639
"165",0.0357432088519717,0.106605222947143,0.30110785906754,0.229166590508587,0.0067927376345406,0.320584380990217
"166",0.0344888891462436,0.141899984553633,0.237598655105718,0.297235204640584,0.0972004349773778,0.191576831576443
"167",0.0762557412654823,0.0148641755582624,0.463187094621254,0.38128772924231,0.0275805772953007,0.0368246820173911
"168",0.0988086737427364,0.134836346745085,0.0501115865512769,0.204384699849199,0.210098574752936,0.301760118358766
"169",0.158628550056601,0.243522274873938,0.311237250932316,0.0652322596441615,0.0908028820088449,0.130576782484138
"170",0.0444798021872909,0.0637336356759936,0.324271105608509,0.321687184526893,0.0937272880040726,0.152100983997241
"171",0.10603412069498,0.00233332328104893,0.201609927610052,0.283486880819553,0.237169837121813,0.169365910472554
"172",0.124816902939111,0.0223949617064832,0.246012054549656,0.211905672158227,0.0244383078143495,0.370432100832174
"173",0.319276074957279,0.0145642185112166,0.0746881632607766,0.259382164486368,0.285511444775106,0.0465779340092532
"174",0.0737645076074819,0.138884051006083,0.0864754220788674,0.188005525117051,0.167262960077574,0.345607534112943
"175",0.0521352787909016,0.00958321969286063,0.152331622934303,0.329636297534541,0.378747458958378,0.0775661220890162
"176",0.222974890730254,0.0853928809307341,0.236530025138023,0.317763909895027,0.0220522618708957,0.115286031435067
"177",0.168581391205921,0.0122190941751379,0.0901771065513611,0.331789074252182,0.373017986472366,0.0242153473430321
"178",0.0910878684548187,0.0796847099623683,0.192154836198167,0.269490873976861,0.0173910380023181,0.350190673405467
"179",0.120943678572562,0.0195885237056485,0.0810392731499858,0.183422185698794,0.173698871507489,0.421307467365521
"180",0.312750492718827,0.0606038104363122,0.0800402561396499,0.230719437211252,0.0702455946107649,0.245640408883194
"181",0.0125703748842165,0.0653440390329416,0.22574743161564,0.272621758965388,0.251304115333075,0.172412280168739
"182",0.155471928078254,0.0146331736831674,0.25565285333626,0.183053891646184,0.0560373856176283,0.335150767638506
"183",0.0387108032208744,0.124442294493411,0.0820504176565193,0.261942050933159,0.249718870682066,0.243135563013971
"184",0.365568261749868,0.155744466285688,0.0509584162790682,0.260859905667863,0.0230168339450634,0.14385211607245
"185",0.0931898373883617,0.0196609658135743,0.164120832523201,0.146123158808907,0.122627019299406,0.45427818616655
"186",0.0697643060042919,0.159697677653187,0.250076177772717,0.372442840173889,0.142315362971158,0.00570363542475745
"187",0.195034965814316,0.00217411981797905,0.143846450280172,0.246385597356523,0.306621642114702,0.105937224616308
"188",0.324590191438047,0.0126710218072719,0.119208368223772,0.194269228440318,0.216216442255417,0.133044747835174
"189",0.0143739646896313,0.134164890716135,0.158857857939785,0.327454805000317,0.254329093820818,0.110819387833314
"190",0.178140366061758,0.00969715943541528,0.029400909557893,0.182756753722452,0.188704434371885,0.411300376850597
"191",0.187626306849262,0.00452669362012416,0.18071716036614,0.284442246971313,0.272076746885029,0.0706108453081315
"192",0.00436100142043625,0.0203357654437943,0.228280391316075,0.134643498059707,0.107538951951244,0.504840391808744
"193",0.0801239367449212,0.070139220155132,0.0277857943797334,0.233266162807575,0.182574266161036,0.406110619751602
"194",0.00148056612354222,0.0742230426729539,0.181653924457979,0.336877070789651,0.334091276203629,0.0716741197522451
"195",0.443045257563098,0.134556573724576,0.0903573132907771,0.291718781498841,0.0302627962724165,0.0100592776502908
"196",0.30268548950126,0.0454221599786445,0.129620004273205,0.295333073414818,0.101083656630244,0.125855616201829
"197",0.163126938565556,0.0985265614683812,0.186821734869575,0.308308317769667,0.0925060490772825,0.150710398249538
"198",0.036911843971054,0.0570315339703166,0.373527242124869,0.266132062873366,0.0846092181545381,0.181788098905857
"199",0.370061941119461,0.0526875686216925,0.0608917208850362,0.297173104346774,0.166892916662821,0.0522927483642152
"200",0.0675617600027626,0.182861692384491,0.0175977676231779,0.219340482033545,0.220609704179481,0.292028593776543
"201",0.357034182350445,0.0591599952336059,0.129432411957976,0.222158146446904,0.143579786876718,0.0886354771343516
"202",0.0403706862720582,0.0532726997929502,0.378154934742499,0.196381810714661,0.0317185477367657,0.300101320741065
"203",0.00285939199477887,0.0343277738696704,0.294880700781089,0.24243391904576,0.0496503707439692,0.375847843564732
"204",0.0225447074826971,0.128405952341825,0.145642461220933,0.320308080676559,0.309452451778187,0.0736463464997991
"205",0.0307748769303873,0.175467995593846,0.0560516173749317,0.189825653454893,0.112063611297282,0.43581624534866
"206",0.153997805921918,0.00478250141220587,0.34321763051264,0.245120182233667,0.0425354074445873,0.210346472474981
"207",0.142154748853902,0.0657889483972795,0.244566939013363,0.263363337910482,0.0707790366392862,0.213346989185688
"208",0.10511156056978,0.0863256416353976,0.0367972720420023,0.243180293822817,0.264677989561854,0.26390724236815
"209",0.10504680092975,0.00625847742376608,0.288749902260139,0.255998542448246,0.103011431388676,0.240934845549423
"210",0.00524851561186322,0.275286306771735,0.148405244179029,0.264668620093148,0.124396766713348,0.181994546630876
"211",0.291503220251966,0.0110430022138566,0.0625399274127346,0.306154050400119,0.300907160399427,0.0278526393218966
"212",0.0957006445715939,0.406384585568245,0.0608259723873736,0.318300678208091,0.10386370040362,0.0149244188610758
"213",0.0993511554670111,0.149121568344473,0.23673504919336,0.401548537811139,0.0983801727728811,0.0148635164111363
"214",0.00958511541971557,0.0343436661315395,0.14999580736285,0.235928995394929,0.140247706405748,0.429898709285218
"215",0.196842042973515,0.227862545356914,0.0818027233121421,0.155688659796229,0.118973759482165,0.218830269079034
"216",0.0983730460259929,0.0805894043640562,0.0887731793572461,0.312768412421843,0.287120198259373,0.132375759571489
"217",0.000727352699801422,0.1834246434799,0.328001185054785,0.323711470373665,0.086471126440122,0.0776642219517266
"218",0.0320444456878593,0.122873333337398,0.279002702360582,0.351110137480487,0.14168101714486,0.0732883639888139
"219",0.190403440868996,0.168263923670023,0.240602130115389,0.349077276156269,0.0304239367093538,0.0212292924799703
"220",0.0828603992989984,0.075418473959031,0.309930910055183,0.383829314121352,0.0883995000690398,0.0595614024963961
"221",0.000863148730908457,0.128254597439668,0.248358921540365,0.226950018947486,0.078184887905788,0.317388425435785
"222",0.177875475971125,0.00345031133107246,0.172502278971673,0.223486380386099,0.15587298869355,0.266812564646481
"223",0.0129954274399798,0.133811857121189,0.204915919599156,0.288021812570301,0.218157070010422,0.142097913258952
"224",0.122004229339223,0.377799955632375,0.153690455761981,0.0196483971847652,0.27415703794268,0.0526999241389765
"225",0.105889589960587,0.154381665649337,0.195691504057143,0.364882497065776,0.175170852194184,0.00398389107297302
"226",0.205756468962391,0.163752085935471,0.137627715228582,0.0968245728681935,0.166149993323899,0.229889163681462
"227",0.0924941862700704,0.0558152659666209,0.303308915671553,0.266706997811981,0.0741208638771708,0.207553770402604
"228",0.0229938923336538,0.0229826331541344,0.365948961086971,0.305544582460305,0.144588160552767,0.137941770412169
"229",0.0154787207886143,0.208397988009583,0.0445760699840182,0.411937780802144,0.299300730899975,0.0203087095156657
"230",0.200729527835965,0.183529543387718,0.0379250482063974,0.196849989085593,0.0394496254827274,0.341516266001599
"231",0.186741047385984,0.0750503237251069,0.204893181101545,0.257479889235089,0.143073801652587,0.132761756899688
"232",0.106707199503291,0.11574141208757,0.268269382593573,0.339383463467721,0.0710124187674548,0.0988861235803899
"233",0.000588325938491123,0.0189334919319319,0.160684070986243,0.280381914357485,0.302464511043344,0.236947685742505
"234",0.286560136878305,0.0679575765549476,0.217198371210551,0.227024593251655,0.0842302793715511,0.117029042732989
"235",0.128209477046468,0.066603094773355,0.261159406790234,0.330130479863524,0.194028967110245,0.019868574416175
"236",0.0836491143620422,0.0171450223624679,0.270481494967206,0.377557517943226,0.0528305245379472,0.198336325827111
"237",9.61664018645492e-05,0.199602749903024,0.11709005395943,0.275148586084873,0.226340120117478,0.18172232353333
"238",0.135582519684493,0.0679569958405843,0.29028407891755,0.307555071881283,0.0346049264486615,0.164016407227429
"239",0.0712368215172129,0.111003613090944,0.334755320597353,0.308824535083064,0.0168872025520299,0.157292507159396
"240",0.197701254212844,0.0447923828979279,0.28307807233783,0.286276342524418,0.0190034839095629,0.169148464117418
"241",0.0315496115435424,0.233204421348393,0.328618586990628,0.163334153665304,0.0598344353839354,0.183458791068198
"242",0.0953861986231984,0.00887732082965286,0.223959178003486,0.197466017107736,0.0968539198374554,0.377457365598471
"243",0.0740318709511832,0.0296429232505121,0.0923507137661677,0.263800949283155,0.331838037283784,0.208335505465198
"244",0.258039811180787,0.170410556157644,0.0593445647352433,0.268900392345168,0.0650570769747952,0.178247598606363
"245",0.0534421318549022,0.120961470510292,0.228341575421987,0.230103387019989,0.0307706648836217,0.336380770309208
"246",0.503405469849416,0.0686709479485832,0.0287874465063789,0.319935811994258,0.0667342628706846,0.012466060830679
"247",0.296656398310773,0.00613698869109355,0.296987152202188,0.33136961868629,0.0414599482515676,0.0273898938580868
"248",0.302612675456748,0.0766723689655883,0.163391510354967,0.277658164302781,0.0988062524183497,0.0808590285015671
"249",0.230679952504914,0.20880837351605,0.0213808533089031,0.330777389959238,0.143641840888996,0.0647115898218989
"250",0.0905350425085133,0.0392346734109981,0.21582885428945,0.19327757833372,0.0774973195772236,0.383626531880095
"251",0.0214244226886388,0.105555414255551,0.235782277617875,0.354536683109232,0.161405663828477,0.121295538500226
"252",0.0828079263999574,0.240543518047269,0.281191608133323,0.360557946111075,0.0318206088156172,0.00307839249275855
"253",0.0100348679966734,0.0576644483500617,0.0856457111638192,0.257118655735719,0.491975909676133,0.0975604070775938
"254",0.138230381425848,0.0943208975720064,0.0487863265779322,0.249234816789688,0.0702252876928569,0.399202289941669
"255",0.112837667341709,0.130174593122211,0.269867154439481,0.281346378393302,0.0265376153276729,0.179236591375625
"256",0.102376204135732,0.155458856732445,0.0183813379572671,0.287620468814167,0.332609259133185,0.103553873227205
"257",0.0325921896008292,0.0650427207178668,0.00139576870490157,0.179847567956498,0.287935471950618,0.433186281069286
"258",0.0666811262388171,0.00535975352003353,0.231196822005282,0.293640980155285,0.198691054317403,0.20443026376318
"259",0.222759608478095,0.018830518001307,0.060274165800152,0.178152556329532,0.139809180910005,0.380173970480909
"260",0.322344418167061,0.0812477615168993,0.0834257176631133,0.314211941127567,0.173047053119211,0.0257231084061483
"261",0.0253846784069564,0.077667647442986,0.209828220406948,0.249652299994404,0.260454747924413,0.177012405824293
"262",0.0331952362283857,0.0318263264170902,0.284465375239528,0.340567043815551,0.167480467310458,0.142465550988987
"263",0.0241340985448756,0.0291588391284273,0.172046002014814,0.307118501731421,0.361371721049528,0.106170837530933
"264",0.0661119945222303,0.108894431710761,0.214437165078677,0.31673732017945,0.263474264583856,0.0303448239250255
"265",0.067316839012831,0.125510741844952,0.355731676317553,0.331585151980253,0.0550433223391083,0.0648122685053032
"266",0.118502980846876,0.0379764734412485,0.411092556342397,0.260773343407669,0.0427374340029742,0.128917211958836
"267",0.0358115819226376,0.230090132718314,0.0311913448262588,0.269165495164796,0.296698529876743,0.137042915491249
"268",0.212331542067977,0.00410676073344304,0.386624923329496,0.356142931339503,0.0217113106730212,0.0190825318565598
"269",0.199371569425751,0.034298140572674,0.142560067966002,0.375384782769367,0.196783790717411,0.0516016485487948
"270",0.0971474415823215,0.28143747527299,0.00908040844990173,0.188415732274011,0.0322328930047148,0.39168604941606
"271",0.0454134617236211,0.172725705606099,0.315049938846299,0.278077737384624,0.127139961381994,0.0615931950573625
"272",0.380159394039488,0.0595465469480671,0.0820453068945161,0.258755807846622,0.204829067146208,0.0146638771250994
"273",0.00398455112688879,0.0187155873999043,0.146406853477251,0.248521607002954,0.509940842119112,0.0724305588738904
"274",0.210862082186698,0.100924803448256,0.132140733892074,0.299622156139661,0.159690691493026,0.0967595328402855
"275",0.146297986242359,0.121182112430048,0.0549662531666952,0.359962007518672,0.290972467044298,0.0266191735979279
"276",0.0344927994762961,0.0180288651675659,0.453294257081113,0.382948939060174,0.0272285196464921,0.0840066195683588
"277",0.130166249122538,0.208120781378769,0.149967150484927,0.190016451323267,0.174078775098103,0.147650592592396
"278",0.160040350763899,0.189715403916457,0.174126991970984,0.131511366164177,0.252780049884575,0.0918258372999086
"279",0.11687684687699,0.0541745094384001,0.0656245002435356,0.207525361137695,0.210413535840157,0.345385246463222
"280",0.150124855282823,0.121921306935336,0.197729391658684,0.347879474918261,0.150441706987809,0.0319032642170874
"281",0.0281056477646127,0.0136018200178634,0.101332379015647,0.0804302457736812,0.313741225015385,0.462788682412811
"282",0.0546698232204196,0.0196044858512254,0.305998417999018,0.255462934774341,0.0265767183002153,0.337687619854781
"283",0.0942783221920696,0.0964519591908676,0.217805683673606,0.2952745344615,0.090242079762683,0.205947420719274
"284",0.112547278608723,0.238073054516879,0.101241966278637,0.228016389771509,0.0543786823770896,0.265742628447162
"285",0.335093746122741,0.0317721082501313,0.0319187435086285,0.158586171779317,0.0431549430518443,0.399474287287338
"286",0.136160750662268,0.117182078985734,0.0724031785999324,0.237279594780207,0.242010491810134,0.194963905161723
"287",0.220808254994227,0.00848213571498221,0.115746892612925,0.230428849563966,0.219158688629693,0.205375178484206
"288",0.219184252461241,0.0805443633875061,0.242396799554576,0.247129864241635,0.131237710274234,0.0795070100808082
"289",0.130910226748795,0.00739676293517861,0.291427055478111,0.260133603713748,0.0521271112235901,0.258005239900578
"290",0.22659685372054,0.116696288484596,0.0370154777962993,0.287474645105078,0.250640347607803,0.0815763872856838
"291",0.0196514883521265,0.20349711309921,0.203242333730714,0.265850151785279,0.108254358464489,0.199504554568181
"292",0.186182472720502,0.0977556430211022,0.231238502912195,0.247331735291055,0.0502593609662087,0.187232285088937
"293",0.101873206065969,0.217822635229748,0.144824123437526,0.230904016279235,9.05754042932082e-05,0.304485443583229
"294",0.384901565754194,0.0228747629972262,0.124882423460787,0.169267703035267,0.0619870208136806,0.236086523938845
"295",0.05649536873128,0.0665570008342116,0.212569138483585,0.362725641142709,0.0783972374909194,0.223255613317295
"296",0.450087849099836,0.0358656853121102,0.0687055893727541,0.278146104595873,0.0558603652830068,0.11133440633642
"297",0.0152910564900163,0.219429682234074,0.18857722557236,0.318605686552765,0.211196860800076,0.0468994883507079
"298",0.231909029342105,0.125107491919359,0.0982859498283943,0.324591704073701,0.151357905496781,0.0687479193396594
"299",0.168552292934406,0.219561702474182,0.206011142629779,0.340908313722262,0.0427342628552164,0.0222322853841538
"300",0.0465222549415776,0.365772830419823,0.0869443488356,0.252605250812538,0.0629177006872731,0.185237614303189
"301",0.0488406498729127,0.369162719940118,0.0473626866216825,0.265467199780891,0.120957371079817,0.148209372704578
"302",0.24496839438029,0.0638547249179725,0.0868680670300459,0.166650176413501,0.0771334847963118,0.360525152461879
"303",0.0142782991005977,0.0893350043291195,0.0755535153878115,0.319579000986531,0.339837932431637,0.161416247764303
"304",0.063491533441435,0.314334309044332,0.0764400758792209,0.291430194977859,0.0829987144181679,0.171305172238985
"305",0.237563570703616,0.0185569765176686,0.302074532719889,0.376762102383428,0.0173076108410734,0.0477352068343255
"306",0.0898057403483568,0.0131500729569541,0.182477870598663,0.124787077414462,0.102278386861201,0.487500851820363
"307",0.00954919809718088,0.144134710056644,0.0845457723051351,0.2967511908152,0.409826241799584,0.055192886926256
"308",0.0869712934896459,0.250291276370847,0.234633567446996,0.346050560107001,0.011146151663626,0.0709071509218845
"309",0.0136949397762718,0.200665967414917,0.209069588800901,0.370674691114162,0.161743579373916,0.0441512335198318
"310",0.153369442730713,0.110058495999576,0.203940385604537,0.281494466656525,0.0298747779679823,0.221262431040667
"311",0.0919809058492213,0.155814656419516,0.0979491998529393,0.291101637858789,0.182982107456257,0.180171492563278
"312",0.0801760326918741,0.252336355096483,0.279246417305405,0.226272834234665,0.0975818925326441,0.0643864681389291
"313",0.0807360389110053,0.0806064517192012,0.23620346585647,0.0651220861031908,0.336549963464925,0.200781993945207
"314",0.152572057109245,0.118557827100458,0.0795475743771308,0.312575340383673,0.290674179949924,0.0460730210795696
"315",0.112292282334511,0.301359114855903,0.0805824804090367,0.282168257650782,0.0893884212836237,0.134209443466143
"316",0.074550770897705,0.151868419162354,0.134458470496452,0.023727057679047,0.213660580355576,0.401734701408865
"317",0.104990083719231,0.0250987035322165,0.0424775717312092,0.197298737624846,0.25182149908492,0.378313404307578
"318",0.0129636261794365,0.0356823842258496,0.486636638122371,0.404209365557003,0.0167159134757705,0.0437920724395693
"319",0.0631295993410246,0.0961811391154107,0.175100048288966,0.192661700442942,0.0663689295265524,0.406558583285104
"320",0.0339898257363512,0.00940459729004725,0.344273638015532,0.331325119593537,0.157626422980994,0.123380396383538
"321",0.129010475460746,0.286618772390686,0.0736374105403204,0.287568238116935,0.0722763361448845,0.150888767346428
"322",0.0139965836695008,0.0158048991861641,0.321815694315997,0.305920760048142,0.157627875203428,0.184834187576768
"323",0.0537770290083004,0.0079498222602173,0.112081912425842,0.331630475390695,0.417623772042562,0.0769369888723831
"324",0.000350418478535383,0.0559692989480637,0.435617842511186,0.384647351329948,0.0922496108057993,0.0311654779264678
"325",0.0479109239769439,0.225275170920403,0.0344291116599774,0.296845644671178,0.30946133167107,0.0860778171004273
"326",0.0466347909101578,0.335435481735255,0.0564043029418584,0.334375939963993,0.0794575483912281,0.147691936057508
"327",0.103680550775582,0.0367817529291128,0.284273347205691,0.269622057512311,0.0206359954369435,0.28500629614036
"328",0.27283948555264,0.0252756249063447,0.174476553565124,0.169028632680199,0.18679493727918,0.171584766016512
"329",0.110856708789172,0.160011591179657,0.045726056465543,0.34034344905882,0.319318575359412,0.0237436191473967
"330",0.0330612948762784,0.132594769908257,0.160162140189647,0.277810092617028,0.291344754745466,0.105026947663323
"331",0.201392616882904,0.0556209971455649,0.163734039187683,0.30533835526716,0.180255298860283,0.0936586926564043
"332",0.0727918142042253,0.0476001943161226,0.366825184449873,0.34436072907851,0.0875594471000613,0.0808626308512081
"333",0.176614109780043,0.0716739373712165,0.119903513041569,0.322746553046856,0.246704047520763,0.0623578392395522
"334",0.126455329071709,0.0403821895896496,0.0583759140711999,0.245403963525419,0.266410652226004,0.262971951516018
"335",0.0221038440861991,0.196402422363996,0.294575904929695,0.329596175583776,0.0476068491483429,0.109714803887992
"336",0.035256463351058,0.0571404251721426,0.232503709398012,0.325934111718456,0.268409006476798,0.0807562838835338
"337",0.0260267802260872,0.289840550793166,0.11412613911521,0.298162019720365,0.0887653842325752,0.183079125912597
"338",0.304630096803105,0.0462182272439994,0.254778900679505,0.145642779828934,0.030129910836185,0.218600084608271
"339",0.264206412527621,0.106771912898811,0.0861750163185111,0.320488666514801,0.212609821246288,0.00974817049396761
"340",0.10662823759704,0.0267085426606629,0.425748327480974,0.306856417021968,0.0379321072232932,0.0961263680160615
"341",0.178449194651545,0.0299002178653294,0.282421970547519,0.339461782736479,0.129800221739229,0.0399666124598984
"342",0.050081209561899,0.246968525031372,0.265104258026507,0.348544106701389,0.0365988227654397,0.0527030779133938
