"","V1","V2","V3","V4","V5","V6"
"1",0.0429578260200639,0.154683224734619,0.489583037073601,0.0654513116658881,0.171997174033956,0.0753274264718726
"2",0.0782117520657286,0.0808100360222393,0.61908881490712,0.119530427284964,0.0714791538448645,0.0308798158750837
"3",0.0101977017437347,0.141731634151299,0.510739064860961,0.044542055714232,0.199744246842699,0.0930452966870739
"4",0.0625996738186237,0.13139709790389,0.33012201762676,0.0050235081041439,0.455092553222097,0.0157651493244857
"5",0.117779749796031,0.246486863977431,0.48757795902792,3.01936671685128e-05,0.0424302230704636,0.105695010460986
"6",0.0882339161192495,0.016776683061234,0.518057500530106,0.0625668125799984,0.109768316136939,0.204596771572473
"7",0.0615971607471214,0.102022371139965,0.524787550437616,0.0396114668473149,0.175905059869906,0.0960763909580764
"8",0.0525137722327135,0.158931864205346,0.508369465484338,0.0128730932911022,0.175116036705394,0.0921957680811059
"9",0.019950280556759,0.266705814805782,0.350858743546804,0.0380148209045255,0.319773104095499,0.00469723609063045
"10",0.069103073982194,0.0570192841286282,0.480582592838902,0.037272775415043,0.283950112591226,0.072072161044007
"11",0.151188239394391,0.0620156882297547,0.434251805568744,0.0764318824958499,0.261525947754251,0.0145864365570102
"12",0.293308054624914,0.0179743228410684,0.494647830036818,0.0571166717366023,0.110948473177857,0.0260046475827411
"13",0.0997730419852923,0.118399382232197,0.496914701665504,0.105028893206579,0.141335181316947,0.0385487995934817
"14",0.171842635387495,0.0477089594943885,0.58255967472258,0.0308622813558224,0.0136286179426079,0.153397831097107
"15",0.0829066413940628,0.152798032449726,0.550458666236128,0.0752394206595683,0.0733044590529864,0.0652927802075287
"16",0.0390276779940862,0.11540442951633,0.478067026469546,0.039199342534543,0.120409771831128,0.207891751654367
"17",0.0211375987367738,0.329780817731904,0.505223548078033,0.0390067886093438,0.0430515861269932,0.061799660716953
"18",0.298484909853971,0.0708402636224035,0.463041120732988,0.043251453190178,0.0616566909369999,0.0627255616634597
"19",0.071386853516788,0.168936439471456,0.344497259914215,0.0302620882134333,0.310981362132475,0.0739359967516321
"20",0.0602577178468393,0.0106477939533347,0.272954821502416,0.0070947491247526,0.606773797229298,0.0422711203433588
"21",0.077919094213641,0.0166952926418675,0.4945277030605,0.0392771891750122,0.243566477586021,0.128014243322958
"22",0.0397758578887584,0.0160229131375322,0.555509038039127,0.0176350026836338,0.15091212215909,0.220145066091858
"23",0.0972694842516083,0.282793339648613,0.421620572603787,0.0142399183447323,0.163499407392146,0.0205772777591136
"24",0.0276179866747556,0.112513980171537,0.464689427879905,0.0735080145061074,0.293487909413726,0.02818268135397
"25",0.160172053123953,0.0486983598997127,0.521168625168033,0.0115332121522916,0.0912518093094291,0.16717594034658
"26",0.0898238004395722,0.0548376822256049,0.607279058992419,0.0868883472560799,0.00459006425392772,0.156581046832396
"27",0.0702680146621932,0.305080697372951,0.501627973633637,0.0917649073721893,0.0214266291105475,0.00983177784848233
"28",0.250437768867882,0.0288892925232131,0.499057578782218,0.0449561570291163,0.131875741634881,0.04478346116269
"29",0.00702829531509125,0.158885711831096,0.542070910422353,0.0087712766121656,0.0849205639440041,0.19832324187529
"30",0.326366380177499,0.0189300918565366,0.46601438514846,0.0385229711797272,0.149291370527031,0.000874801110745663
"31",0.33057866942596,0.00222965376079676,0.494515677268268,0.020042604393696,0.0729175034801954,0.0797158916710842
"32",0.244639573851477,0.0473064295540591,0.478625500795195,0.0320928434724083,0.126916757713331,0.0704188946135291
"33",0.0823779528828454,0.274272353121778,0.494962198575584,0.0628339687390707,0.0556565026911739,0.0298970239895472
"34",0.0103875446271201,0.469938866231403,0.450910741061577,0.0171263966998369,0.0231945677666319,0.0284418836134313
"35",0.159239709476572,0.0444153096463542,0.29362474210957,0.0329698903103846,0.4482390002531,0.021511348204019
"36",0.11470910753831,0.013551723922692,0.300930367297472,0.0058770756085303,0.470257703786676,0.0946740218463201
"37",0.208078695657943,0.033902552799301,0.576218624374099,0.0386658882331963,0.0550521410233893,0.0880820979120714
"38",0.280924727652358,0.0213588505627809,0.422339338903372,0.013883468754905,0.232651372272928,0.0288422418536551
"39",0.320189249944937,0.021934267759225,0.486324752757629,0.067232260281264,0.0635405963062711,0.0407788729506744
"40",0.095706196703838,0.171734145612631,0.5761860879967,0.115726424194013,0.0069672735415725,0.0336798719512451
"41",0.0349394285369451,0.00768800819175391,0.492167966277722,0.0709268332162897,0.351697994918578,0.0425797688587111
"42",0.0456421053587243,0.205380398272777,0.438575737342964,0.00408543737620458,0.173802936857465,0.132513384791866
"43",0.03174558873531,0.402092368716961,0.453195300603847,0.0451531642930951,0.0373042324191539,0.0305093452316332
"44",0.0990722447752482,0.265125053881412,0.300701930606437,0.00752615210236825,0.276590680061846,0.050983938572688
"45",0.0693208956643533,0.089736529420769,0.57863560301227,0.149799635370177,0.0950631829008687,0.0174441536315617
"46",0.035604224319942,0.131524431721242,0.50494681671253,0.0402242503221397,0.188062613599485,0.0996376633246612
"47",0.0873694078806131,0.0871595278366414,0.494383999324851,0.11423757203689,0.19857394941898,0.0182755435020246
"48",0.182846209879204,0.0339746780014238,0.506446348292429,0.011199387466176,0.108733946813307,0.15679942954746
"49",0.0726991423613222,0.157945222689976,0.554840740732116,0.140386751161744,0.0648742325850564,0.00925391046978515
"50",0.0806763541133017,0.178901888440807,0.4787992820692,0.0215567152803902,0.139992496785151,0.100073263311149
"51",0.257629737251012,0.0540557333553612,0.297794019944769,0.000445254352134137,0.388553777635423,0.00152147746130002
"52",0.258771388538695,0.0243047764219221,0.489150205313846,0.0265391808173218,0.0972137031922915,0.104020745715923
"53",0.0759893593589465,0.0746911939098321,0.507680474574059,0.0302068513380435,0.242397589144626,0.0690345316744933
"54",0.315558130151038,0.0811294219193871,0.476286566051958,0.0151923274553006,0.0169565353430977,0.094877019079219
"55",0.0145930760603275,0.142398621578126,0.532454548692888,0.0728373650056745,0.217429307717893,0.0202870809450909
"56",0.189641543877337,0.0549662305758691,0.451661834527164,0.00568450848929982,0.0842842099811698,0.21376167254916
"57",0.232234081963008,0.149937380437261,0.455991011935703,0.0330699693530878,0.0877147630861955,0.0410527932247437
"58",0.0666171281733538,0.193444710251337,0.531506145959228,0.00997225935991267,0.0645005993913284,0.13395915686484
"59",0.183000687371588,0.11424556717778,0.391365817248425,0.0323580069003209,0.146730834124718,0.132299087177169
"60",0.107042424825482,0.262331016100183,0.476042006156494,0.019595279761405,0.0206725223331754,0.11431675082326
"61",0.113673245293044,0.209939908274489,0.517662243320799,0.0756311855366479,0.0781031254139683,0.00499029216105117
"62",0.135505418781429,0.0508556809095412,0.627863487787552,0.0993247486065586,0.0117427033733727,0.0747079605415465
"63",0.0540228838648547,0.232848971563859,0.543600410264601,0.085847851176226,0.0606089872792819,0.0230708958511769
"64",0.0896103129871267,0.27009814111537,0.473621076592933,0.0156055101217983,0.116302316472579,0.0347626427101933
"65",0.117302472340997,0.0467523715823633,0.355923111339702,0.0622724264750252,0.378460069097213,0.0392895491646992
"66",0.173123935145401,0.00139181370000414,0.600732039200195,0.0687233375942961,0.0393543724218893,0.116674501938214
"67",0.046150611421535,0.182426773178381,0.477075745287494,0.0522042437940121,0.16569325164895,0.0764493746696274
"68",0.223046949859571,0.0217309329222712,0.428059973007086,0.00872736501048649,0.264116009879474,0.0543187693211112
"69",0.0588349364061806,0.00806869859719688,0.468106464139798,0.00391337299989618,0.31811204649488,0.142964481362048
"70",0.0475171022177072,0.0157835490813928,0.42793136328235,0.0169955571330591,0.365632656837067,0.126139771448424
"71",0.027952304349168,0.0899702340122875,0.603624061256675,0.107968356427025,0.101739198080424,0.0687458458744207
"72",0.100579088835058,0.0320945957372759,0.543182224646372,0.072374178127708,0.11332429684058,0.138445615813006
"73",0.199349604996699,0.13966464720839,0.467422302043079,0.0997715964099263,0.0780458175431913,0.0157460317987141
"74",0.0136284873586212,0.332639728017949,0.540053928982742,0.0524758757389375,0.0128399993246252,0.0483619805771251
"75",0.406279031775577,0.0709610571723746,0.414099947389719,0.0324101923027735,0.040904774165453,0.0353449971941023
"76",0.0359255987909287,0.176791648907851,0.493586391447954,0.102065766931893,0.165425562309383,0.0262050316119903
"77",0.00132610126139517,0.282697249406383,0.566026254301277,0.0168925891945181,0.0187359539435386,0.114321851892889
"78",0.00523918855984628,0.28692515825345,0.537464098398352,0.0314239143892395,0.0359073433377547,0.103040297061358
"79",0.113410583837628,0.129014942223088,0.472965523880233,0.0643863381807452,0.116146176986573,0.104076434891734
"80",0.0663159717087234,0.255247048016213,0.53221679628277,0.0503221347651725,0.0893145412952963,0.00658350793182489
"81",0.00774166351800759,0.0362798348173993,0.453338397072421,0.0658846632258636,0.341070863808182,0.0956845775581259
"82",0.00310724058807769,0.229513682438739,0.564006792469109,0.0811769896300537,0.0770710656474525,0.0451242292265686
"83",0.0785292800949566,0.143202627940099,0.556636825970323,0.0416071737966111,0.017951720177914,0.162072372020096
"84",0.239146927712232,0.170870648868393,0.48669536837668,0.0553421268439927,0.0385384423479856,0.00940648585071647
"85",0.154998777624796,0.0551816209348526,0.490409723321165,0.00862819642443537,0.178123330237731,0.112658351457021
"86",0.115111190396622,0.100332067747159,0.517415168926229,0.0694712364461041,0.099102844700614,0.0985674917832723
"87",0.0592922519907906,0.140071272328701,0.445749279320291,0.0394659325566258,0.279652076943963,0.0357691868596285
"88",0.0307641546135228,0.219636490169384,0.56454372811478,0.0686043951946737,0.0339890826023271,0.0824621493053128
"89",0.0355279811105124,0.346246773902799,0.483002243822544,0.0508499644561714,0.0398381093459635,0.0445349273620101
"90",0.0364881792455111,0.121217798747381,0.452146421548747,0.0257728840265287,0.227733784068373,0.136640932363459
"91",0.0769285911949615,0.15853116706701,0.550270259288936,0.11296381390456,0.0902723014375801,0.0110338671069528
"92",0.134788474944803,0.0101962261807108,0.445299522152522,0.0535526694403304,0.223204155017772,0.132958952263862
"93",0.0175763209748949,0.0234706532464219,0.365809172509407,0.0647357596654087,0.459550107477021,0.0688579861268464
"94",0.132025728604541,0.0636712726071433,0.632511133760636,0.0916661240544634,0.0648216590743925,0.0153040818988241
"95",0.18409364828689,0.0321771430477535,0.46019973283661,0.0362114850929064,0.208966752907398,0.0783512378284417
"96",0.0801056144920877,0.024657039101486,0.489836097616875,0.0261892191138996,0.187962522591151,0.1912495070845
"97",0.211437664678791,0.000981136240468183,0.51464524136995,0.00381549663637861,0.159840933378699,0.109279527695713
"98",0.0957926338884891,0.0188114654853539,0.535006207799115,0.0449294252816685,0.149419638795775,0.156040628749598
"99",0.199143195547397,0.092977776144301,0.515974074961491,0.0537559389247112,0.1205967031975,0.0175523112245988
"100",0.0151260850085073,0.0879118995409704,0.498944641525114,0.117184316381104,0.225982897084502,0.0548501604598023
"101",0.357109719347965,0.0347573969860605,0.469828621742827,0.0341863300450055,0.0872114620111048,0.0169064698670375
"102",0.328992243747164,0.0312114796568747,0.44004910096975,0.0208518643735573,0.103010254794206,0.0758850564584476
"103",0.0340728354586274,0.145660202471035,0.480229430232359,0.0895294285650012,0.196443669991894,0.0540644332810833
"104",0.0940782835419211,0.151525897042608,0.60377854267481,0.0693758109294916,0.0239900975925352,0.0572513682186343
"105",0.184877920219617,0.119454783312227,0.47629404163242,0.135463212823987,0.077993949904984,0.0059160921067653
"106",0.239044343752829,0.0459666047526111,0.522660145592838,0.0953811520269842,0.0931241952051827,0.00382355866955484
"107",0.0179277112611828,0.0830969141847482,0.559100195649208,0.0550901129942248,0.145258508684987,0.139526557225649
"108",0.0711399938199421,0.16315481392106,0.526997133968829,0.038316851527837,0.0604899525742373,0.139901254188095
"109",0.0183853784154933,0.180182293041623,0.562330011010212,0.041848877862314,0.0325675304441874,0.16468590922617
"110",0.294802488418941,0.0176242179799919,0.478297644860195,0.0565167525326275,0.136199135277557,0.0165597609306868
"111",0.0871597575592012,0.0511754411976207,0.450467198448795,0.000771444391475972,0.350633176118247,0.0597929822846599
"112",0.0995858314666305,0.0790862236916466,0.344635034169007,0.0621993254999702,0.414299754368448,0.000193830804297572
"113",0.0581461338569064,0.0635603476976587,0.49491358626332,0.129998003934231,0.237519894562037,0.0158620336858472
"114",0.0394211503204012,0.0242809838253778,0.409236720455582,0.0190310211960992,0.421139585292891,0.0868905389096486
"115",0.199900345950409,0.051427302795258,0.420955634230618,0.00669680409382421,0.291792977945536,0.0292269349843543
"116",0.0397156739142911,0.0566331905557811,0.36878128354213,0.00801172216495719,0.32031675371984,0.206541376103
"117",0.00300833951226309,0.0572187307129528,0.511441172440393,0.0306023695400984,0.189740427813412,0.207988959980881
"118",0.117783336113597,0.132608103071553,0.414244682619273,0.0615679546275008,0.259826345951188,0.0139695776168889
"119",0.0135149943100088,0.0566162106963931,0.405376848826686,0.0163349612484762,0.423320458671349,0.0848365262470865
"120",0.0571785692917368,0.0544797984680873,0.550948360245199,0.0387907033752561,0.164355785094579,0.134246783525142
"121",0.0727146707684703,0.0169983119880443,0.5721433525822,0.0721384293367509,0.151676419425394,0.11432881589914
"122",0.228832765888969,0.0435326440827019,0.484243027901419,0.00887264750396739,0.112590901164615,0.121928013458328
"123",0.157706575375496,0.0514290618170529,0.613761360715436,0.104951987995138,0.0244317243372898,0.0477192897595881
"124",0.157181093202107,0.0661824139277543,0.561377731326768,0.00972625099224912,0.0471451593315662,0.158387351219556
"125",0.0268215426373805,0.205102125764055,0.543638842877708,0.00261236223233614,0.0885795337691355,0.133245592719385
"126",0.0841920450267531,0.0944767937528045,0.553620355212884,0.0416614788429741,0.0160748005792193,0.209974526585365
"127",0.0111912137575687,0.24859618218834,0.461255030461859,0.0849792096205761,0.179881111716504,0.0140972522551519
"128",0.145807019233188,0.0504031742773802,0.386684585904358,0.00258267772694781,0.268521001450249,0.146001541407877
"129",0.0774614021968452,0.173603210747497,0.580772562413127,0.0691798090383112,0.0142862414547541,0.0846967741494663
"130",0.162743123738527,0.0153991210450927,0.353996638399192,0.0342338531021424,0.403555302322595,0.0300719613924513
"131",0.0384523921437002,0.0628732962233044,0.452428433529664,0.0364565408658599,0.335853655097621,0.0739356821398506
"132",0.219616653806252,0.0220473168224922,0.506352077915498,0.0499103291811454,0.16487106677648,0.0372025554981332
"133",0.00299683578942668,0.151226381337797,0.469532742216578,0.00129832016503266,0.178943843641358,0.196001876849808
"134",0.0349015732249865,0.16003202894348,0.485511228727051,0.0425877862389172,0.130378055333417,0.146589327532148
"135",0.0296617476507841,0.145822336811784,0.5901324136068,0.122245739903645,0.100153898149391,0.0119838638775952
"136",0.112059502987897,0.160078557355952,0.523289669951005,0.0883941312338074,0.0449275743988249,0.0712505640725131
"137",0.016491596297619,0.329457698625881,0.523491241122512,0.0502641879115796,0.0330822009608943,0.0472130750815132
"138",0.0480185238572706,0.324707401469656,0.493614204384692,0.0490876700891799,0.00557969861458231,0.0789925015846198
"139",0.0438439663640826,0.0359138003851276,0.595128367850944,0.0210085288583712,0.0254914792353374,0.278613857306138
"140",0.18951821483334,0.173315029267037,0.469295474303088,0.0010502298696926,0.0816299163068806,0.0851911354199616
"141",0.0642575020667643,0.0563749579092282,0.435060948724993,0.0716639901704351,0.347192574405838,0.0254500267227417
"142",0.154555357373359,0.119002067055116,0.436210162326782,0.0565181839983302,0.187710701537521,0.0460035277088912
"143",0.0315649134914489,0.111191245392861,0.467425801281638,0.00858995027357629,0.20595182459368,0.175276264966796
"144",0.169337382750721,0.0759145905995231,0.502269754604552,0.0013893463115805,0.0875572492212389,0.163531676512385
"145",0.19839472591753,0.11899368666451,0.50186692588779,0.0416558964317295,0.0847464249480047,0.0543423401504361
"146",0.0545830103682554,0.273514688426903,0.523609719263138,0.0828568238206116,0.0375641387022213,0.0278716194188708
"147",0.0502045830279319,0.210568719209636,0.478578485359986,0.096025302228353,0.157844569448768,0.00677834072532491
"148",0.0892242825009477,0.0867180717131181,0.377987595548557,0.0177835689458389,0.381708611159492,0.0465778701320463
"149",0.155866233476402,0.269384501206057,0.437395786454726,0.0707878958688381,0.0423754082736225,0.0241901747203542
"150",0.133729194738578,0.092120310765748,0.508774098485666,0.030523994538595,0.121457716703546,0.113394684767867
"151",0.206797094395132,0.0863314027655779,0.486264795620646,0.0290188539642356,0.0803625092267903,0.111225344027619
"152",0.0191799936268425,0.115975302651114,0.362576116456976,0.0484855588938648,0.443996697065603,0.0097863313055994
"153",0.273738182640736,0.121075093846717,0.40366742260761,0.0427357197796859,0.155566419164833,0.00321716196041793
"154",0.00514363986096965,0.07114672514479,0.629463110455015,0.034566327482273,0.0726407173300149,0.187039479726938
"155",0.0966934643311366,0.134174044435866,0.453431193583732,0.0764715822482679,0.220152884863352,0.0190768305376459
"156",0.0578077665138517,0.174120645569792,0.408495383374131,0.0603202976023109,0.236625940353981,0.0626299665859328
"157",0.279991882324288,0.183030585066659,0.430497632672884,0.0155611498850974,0.0477455810488822,0.0431731690021898
"158",0.0606470787913319,0.00822130106003796,0.584720856643925,0.0161043517594564,0.0470559657930238,0.283250445952225
"159",0.164588963036354,0.126915433838099,0.408180034545954,0.0541303303242575,0.240511037757219,0.00567420049811641
"160",0.0630783223299621,0.0401572704786878,0.581374733348953,0.0923610162112571,0.082041575259363,0.140987082371777
"161",0.113441962738298,0.120560130503477,0.470479093693638,0.0525165222968627,0.168254925633051,0.0747473651346746
"162",0.0940431805767407,0.339590905835385,0.462740996190675,0.0137403600701274,0.0109047642825306,0.0789797930445412
"163",0.293107903721682,0.10140648721569,0.460648065801438,0.0480957703792204,0.0648212266363484,0.0319205462456208
"164",0.0115160564070764,0.140657402705283,0.649306804702992,0.128327956276404,0.0113057264146028,0.0588860534936417
"165",0.0105325351730922,0.00329638852997049,0.407404402732554,0.0826710638857047,0.446013057467622,0.0500825522110563
"166",0.143273090699726,0.180256482792888,0.516879341036329,0.0642902363848715,0.0165609061261097,0.0787399429600758
"167",0.0619231400061672,0.0284578980723707,0.55650396116435,0.0217850241873122,0.12478902517026,0.20654095139954
"168",0.194047857128279,0.081488065586852,0.542982310103184,0.00728150075769243,0.0547642883518438,0.119435978072149
"169",0.276524659437515,0.00736263107617701,0.54386962663363,0.0347085099471183,0.0876877532347508,0.0498468196708089
"170",0.0196535601848248,0.0702288677612043,0.348368845522525,0.0366744012728647,0.437407823053869,0.0876665022047118
"171",0.0404395873648861,0.0768356921100322,0.600343982460658,0.0329090078345105,0.0955646727116919,0.153907057518222
"172",0.11356889173486,0.152881691953678,0.488458154920301,0.0210671432400466,0.141621423715274,0.0824026944358408
"173",0.318801768024089,0.136218947127804,0.468622909787723,0.0270673019400611,0.00774124215109612,0.0415478309692272
"174",0.0130175250868569,0.0226240803597595,0.295202421432717,0.0601843266050664,0.554788129227392,0.0541835172882085
"175",0.134731176801378,0.0982301810098544,0.59001124453849,0.111779038740022,0.0230618609462552,0.042186497964001
"176",0.223305199413463,0.0629872453810053,0.492818207138607,0.0699969386150761,0.142641692715659,0.00825071673618964
"177",0.306559929317739,0.140392376980211,0.449796595358408,0.0350589039731051,0.0555577327966005,0.0126344615739366
"178",0.0768160803988379,0.11080182100466,0.423121070852791,0.0342988374106427,0.258379773662655,0.0965824166704139
"179",0.168577838968726,0.101196676583637,0.552470242868388,0.0682528253348895,0.011803152764708,0.0976992634796513
"180",0.0651722675940987,0.178188390158431,0.451504094612653,0.0491221211000538,0.254013476611415,0.00199964992334859
"181",0.0208621131587874,0.198449115669375,0.498795356295802,0.0185238113344991,0.0943477972284401,0.169021806313097
"182",0.154823828935868,0.0761847480545264,0.55181333308883,0.0709390193042647,0.0894413002668924,0.0567977703496186
"183",0.0348663022633895,0.23326073695551,0.496837457779702,0.0813737496406019,0.0496219235352795,0.104039829825517
"184",0.358833080317664,0.00343724287953597,0.511217660259634,0.000400283178595517,0.018299204876632,0.107812528487938
"185",0.239611588814482,0.0077643517104354,0.453995356216339,0.0191069945680548,0.062607087220339,0.216914621470349
"186",0.0959736745604703,0.114472702890579,0.628022830341193,0.126010237039351,0.0127149379771907,0.0228056171912162
"187",0.0382534165172216,0.299944420384288,0.430554406773978,3.75604436903626e-05,0.0876056600089582,0.143604535871863
"188",0.136362867744486,0.159533054356866,0.451673247603349,0.0222088087047803,0.207135540174874,0.0230864814156453
"189",0.182670368767802,0.0582974940841215,0.495784183455266,0.0518459003481937,0.108672779703556,0.102729273641061
"190",0.0182994061581977,0.0362575090996513,0.551985128842297,0.019349681427922,0.0917430771538164,0.282365197318115
"191",0.0161406972934127,0.0867093543254028,0.578003083703834,0.142603549881914,0.118654688305296,0.05788862649014
"192",0.129686192631674,0.217915965444001,0.505425252415003,0.0552164958855536,0.0585688491178534,0.0331872445059146
"193",0.169046742922955,0.190622364281198,0.497545770299504,0.060030247379548,0.0781447928672961,0.00461008224949813
"194",0.0217263697955661,0.0114506129322849,0.436045818787769,0.00498757503688031,0.343153392123698,0.182636231323802
"195",0.026859200270198,0.181677735616221,0.545319863155608,0.06307958612166,0.0348619566396778,0.148201658196635
"196",0.293500495099967,0.0130645642356652,0.473575771630607,0.0132003980921349,0.116718722932629,0.0899400480089965
"197",0.0902627372933296,0.00131556499561186,0.540023682358976,0.121878839310004,0.217423862068256,0.0290953139738229
"198",0.00853564531073017,0.270442719897516,0.525043412168347,0.0470385855944083,0.0408342563061787,0.10810538072282
"199",0.105744585610868,0.14334517921116,0.563425411772269,0.0804711319102825,0.0535165827744772,0.0534971087209437
"200",0.151643069714263,0.171546491804246,0.54740942922385,0.0971298150246114,0.0200008319801098,0.0122703622529186
"201",0.221788831349062,0.0192339806005734,0.5287734951245,0.011254100313348,0.0444401663007895,0.174509426311727
"202",0.339903005979503,0.0465548194530195,0.529562490561812,0.0408712217171237,0.0156056238238673,0.0275028384646747
"203",0.0514224118015973,0.222474411706054,0.37915973047832,0.0320456744579423,0.302071909441313,0.0128258621147739
"204",0.168152051907124,0.173335807905559,0.509367998988913,0.0199084295094231,0.100115450074695,0.0291202616142866
"205",0.017480483887276,0.0585456752458525,0.407290774223994,0.0466355451834924,0.34038060114071,0.129666920318674
"206",0.179643725052688,0.0146341857639176,0.464562093274794,0.00450392633868288,0.188926896507875,0.147729173062042
"207",0.0621361159107441,0.223332825153728,0.490890835124306,0.071628719396429,0.15129348344928,0.000718020965513368
"208",0.210403827146554,0.13744235156469,0.523978420158184,0.0375768048517923,0.0356557677291543,0.054942828549625
"209",0.0442505981457581,0.132489890922878,0.602827892058701,0.0288106467344113,0.0109236575850296,0.180697314553222
"210",0.129133493327229,0.12166982826896,0.510905430391159,0.00120697548423723,0.0636084949148705,0.173475777613545
"211",0.107529606692041,0.0517459825072038,0.510958200640647,0.0247146124605154,0.127824975701528,0.177226621998064
"212",0.0148648950202618,0.292049127356373,0.514908132292615,0.065691228209699,0.0528556643435054,0.0596309527775465
"213",0.09837886189107,0.0745510722479494,0.39837768521209,0.0311931919575655,0.303586525241262,0.0939126634500629
"214",0.0712056411907882,0.203122891538934,0.559788265829176,0.0813251179206509,0.0718392869617057,0.0127187965587453
"215",0.237546912335023,0.0854199177009577,0.54545858649772,0.0430174473058836,0.0217086085188655,0.0668485276415495
"216",0.182934223531484,0.0171859080014947,0.475110631465586,0.0971564382338544,0.225110896931079,0.00250190183650233
"217",0.0748183414319991,0.177266696922939,0.302501938733617,0.0403495703770467,0.329279413169289,0.0757840393651097
"218",0.0116998024524614,0.151823018331707,0.589419723338341,0.0731094778919953,0.101626289898306,0.0723216880871897
"219",0.303706805126752,0.00562868542028948,0.520260143226122,0.0690108027735199,0.093371401027577,0.00802216242573968
"220",0.000474430208540114,0.047047647266262,0.356167725938529,0.0345662808805758,0.55766531048714,0.00407860521895324
"221",0.120267186709587,0.0824012757377195,0.446612856126792,0.00504331789597971,0.204313406255932,0.141361957273991
"222",0.0547657365060435,0.169122731114131,0.481515995199914,0.0525719694769981,0.215811485352981,0.0262120823499329
"223",0.0989905090193402,0.0449950843111326,0.658310896592949,0.0346218337087799,0.0109805117563787,0.15210116461142
"224",0.157037983946657,0.199843481745489,0.528914815252311,0.0524550918633564,0.0156949804588316,0.0460536467333541
"225",0.00195382075303313,0.0917135538817365,0.365062331561535,0.0475602875404932,0.416666762733866,0.0770432435293366
"226",0.445120124385348,0.0298703596375774,0.366737668114802,0.0447205568898261,0.106894264535181,0.00665702643726598
"227",0.0242364982517387,0.0105963060727216,0.294698313695697,0.0544050446883859,0.610200760473743,0.00586307681771372
"228",0.0473123639697342,0.16469515817209,0.536127707829806,0.0600410055862929,0.105874277477508,0.085949486964569
"229",0.163390154508273,0.0609291209344875,0.583413235016949,0.0347120272315056,0.0984801803535747,0.0590752819552106
"230",0.125621107557694,0.0074634532482646,0.511892590921557,0.00812033749633843,0.154091475291964,0.192811035484182
"231",0.17413411122073,0.0807540220417958,0.441341332258879,0.0195307018461437,0.23367840318825,0.0505614294442016
"232",0.0101903280587914,0.111765349888516,0.590156961072083,0.0430748050261748,0.0378320653460103,0.206980490608424
"233",0.0903715508236193,0.187774874906567,0.532262258538617,0.0132095553728757,0.0335734074484446,0.142808352909877
"234",0.0780035169622885,0.117254250669725,0.481305309678214,0.102803036672062,0.198478636834968,0.022155249182743
"235",0.0539808482912921,0.133194442404567,0.491235411635646,0.0208321895617782,0.18141922212325,0.119337885983466
"236",0.0549395483027793,0.138083167181114,0.617944748506704,0.0583561082421859,0.0166536452811617,0.114022782486055
"237",0.0383210708333075,0.0148864487021426,0.517302214949152,0.0860077522422011,0.238143261298931,0.105339251974266
"238",0.0528052794257463,0.128387319175438,0.39379380817991,0.0537530065120211,0.29600120638178,0.0752593803251045
"239",0.0217352121571114,0.112105383726033,0.444846153398221,0.109484152284439,0.299234256755343,0.012594841678853
"240",0.00082668383416998,0.162556999708048,0.537254009652597,0.0546704227477057,0.133932316459738,0.110759567597742
"241",0.0344837528898745,0.0861599984564704,0.631159899909223,0.169652018623241,0.0622109005018895,0.0163334296193013
"242",0.405333253270508,0.0873228395916675,0.423477299421427,0.0376071801990814,0.0127001371840928,0.0335592903332238
"243",0.00824173957794235,0.102889034166807,0.305509346919806,0.00514153589908696,0.509123511189012,0.0690948322473459
"244",0.255810988006903,0.000964288852099281,0.557675696526516,0.0185333098839538,0.00162107608082011,0.165394640649708
"245",0.023068407306872,0.286686445843715,0.467926507942377,0.0723598458114959,0.138328547702127,0.0116302453934128
"246",0.283426074573383,0.000594060061827945,0.483182362104943,0.0164004355365404,0.011952249729852,0.204444817993454
"247",0.130285754527905,0.134618396827942,0.48994491406404,0.0224267842354865,0.0639149355924408,0.158809214752186
"248",0.00485233212747427,0.0138622003135389,0.546835361213439,0.0520971169642293,0.20185647267854,0.180496516702779
"249",0.117707795023211,0.0166449789815699,0.40639686035538,0.00427780723289104,0.398790292455144,0.0561822659518036
"250",0.0211661011352911,0.237658845942963,0.589003916609029,0.0682105818665527,0.0360579962256604,0.0479025582205041
"251",0.133409984286742,0.0558906393293676,0.455197525830235,0.0947386498885804,0.258299441715449,0.00246375894962555
"252",0.179729658859214,0.0681244045200083,0.389702059816909,0.00445518619004051,0.333479767134404,0.0245089234794243
"253",0.040517456400581,0.105236824613626,0.615897970925127,0.112854419524022,0.0591957350182127,0.0662975935184315
"254",0.0504457481952607,0.0622834965344235,0.57488377194494,0.0127845556188567,0.0591958988266577,0.240406528879861
"255",0.091652671117519,0.188369266884297,0.501759563975146,0.0108660727308594,0.138914425407295,0.0684379998848835
"256",0.010320694998936,0.0646800325764847,0.544470138739854,0.0217563057220504,0.185272773914304,0.173500054048371
"257",0.113672287888647,0.148192768970378,0.445073698088373,0.0339069487647731,0.199815947636594,0.0593383486512353
"258",0.142817062853415,0.0795194029470752,0.495391304045729,0.00949717768481861,0.150793050965227,0.121982001503735
"259",0.0103927498201267,0.261611695546758,0.530004940899978,0.0791926361085099,0.0575942521141867,0.061203725510441
"260",0.264121051007096,0.0872457239289041,0.490922180932649,0.0659843064724266,0.0407786110919042,0.0509481265670205
"261",0.0319636129023226,0.0314602608921206,0.41752640668453,0.0721814708839908,0.416346468292917,0.0305217803441189
"262",0.054177456805146,0.0725615974356054,0.577338401149921,0.0596739194160577,0.149451032765151,0.0867975924281193
"263",0.0301028942505693,0.251419632749323,0.41547757827246,0.00982421982027706,0.242177913548555,0.0509977613588165
"264",0.341258362371708,0.072697858880886,0.500352352002033,0.054190901021467,0.00904454868767421,0.0224559770362313
"265",0.0686360153707753,0.0519580202031681,0.568184488427774,0.0830989572646174,0.116062626104856,0.112059892628809
"266",0.209296201770368,0.0129138553342317,0.527889878827585,0.0412109143308755,0.0985134887016759,0.110175661035264
"267",0.181691314735303,0.0415782976124035,0.606967371423215,0.114328648376179,0.0152436504914717,0.0401907173614282
"268",0.356782204544995,0.000571930206175058,0.476056638372269,0.0216214346332746,0.0189606363856979,0.126007155857589
"269",0.0171073835801088,0.194885001351194,0.561411841043857,0.0834586389152445,0.134565727741334,0.00857140736826166
"270",0.275303136646813,0.0264815286092628,0.360217868721344,0.0295715180289641,0.303493407347472,0.00493254064614428
"271",0.0211279979989724,0.0288002621791684,0.400802672419489,0.0344322889497461,0.387426542405948,0.127410236046676
"272",0.0164021077024525,0.201934085929794,0.448421679914742,0.069987562510578,0.256416811404343,0.00683775253809131
"273",0.214694648339959,0.0731168537376255,0.506702655508218,0.0895617297641374,0.112746632846874,0.0031774798031852
"274",0.123375702940572,0.164095570550361,0.527979362781878,0.0584036356120307,0.0400417515377067,0.0861039765774517
"275",0.0262244510710056,0.156048324368689,0.603068668786322,0.0745342329434699,0.100335168099729,0.0397891547307841
"276",0.0274144012347299,0.0201394841335997,0.241860764085012,0.0195873974061168,0.683734691480423,0.00726326166011912
"277",0.152757762961375,0.0317172998369304,0.507189093753455,0.0718728081407366,0.206875245814542,0.0295877894929608
"278",0.157005948818724,0.229191963566056,0.486728401508312,0.0251848223372974,0.0197723801742178,0.0821164835953936
"279",0.219698346561975,0.00509338321509332,0.542324693819816,0.00539081112104461,0.0288911915551798,0.198601573726891
"280",0.116714626276737,0.152607110852757,0.318469479884851,0.0119297681005973,0.336651755005404,0.0636272598796542
"281",0.148357006938372,0.0548440541038948,0.477683365068687,0.0628644561334374,0.220693265884645,0.0355578518709642
"282",0.205983014832963,0.0611621110528679,0.563326236921142,0.0969122918653904,0.029955423797789,0.0426609215298469
"283",0.101608648871389,0.176986680568189,0.464621702488136,0.0577680191888735,0.172027935660665,0.0269870132227478
"284",0.0249049501874383,0.129532990661722,0.566973924918862,0.0445457684888225,0.0728483794694173,0.161193986273738
"285",0.156263177165405,0.114408744452789,0.498431026259376,0.0740946146450788,0.105005422604996,0.0517970148723567
"286",0.110914299952856,0.0109038252803804,0.585327225414675,0.0461808356872132,0.0441187578366887,0.202555055828186
"287",0.103708314307653,0.0183829059223514,0.573965974286727,0.0299676726177819,0.0999099130913897,0.174065219774097
"288",0.00569945058040799,0.0826729830788303,0.349940949956341,0.0332230488001091,0.451093977591331,0.0773695899929801
"289",0.04169517477355,0.097555268359978,0.50662295977401,0.0376273597460503,0.162849037753625,0.153650199592787
"290",0.179869730090172,0.012762033655278,0.481160873466855,0.0481254575030944,0.229830377491308,0.0482515277932926
"291",0.161917453685654,0.0714468779675337,0.625574589790862,0.0720770925163198,0.0132357563859285,0.0557482296537025
"292",0.0815901354140622,0.0483765384641639,0.439950760137819,0.0921518143288814,0.307111546388882,0.0308192052661915
"293",0.203485117261382,0.0903498687685096,0.414079640249586,0.0358153271955917,0.247705346606521,0.00856469991840948
"294",0.166265070353683,0.0732327928002201,0.381258725960262,0.050178042932089,0.326329286401137,0.00273608155260919
"295",0.0222594159176023,0.191345225401858,0.565296966106138,0.0717143248918055,0.00823696316490015,0.141147104517696
"296",0.00955548518975726,0.154863442371504,0.454430063421836,0.0141721774734874,0.221169190464615,0.1458096410788
"297",0.0882586824356847,0.195430689353572,0.51031923509877,0.0637928385051718,0.00584950365433054,0.136349050952471
"298",0.0616396120218292,0.100366480999568,0.491316098496924,0.076106717473085,0.228170579041421,0.0424005119671724
"299",0.11147762377515,0.221710786299213,0.380049827079963,0.0105603495098918,0.24067879696634,0.035522616369443
"300",0.119382269878707,0.0249963063847105,0.448602568051631,0.10730778460812,0.27694212902599,0.0227689420508408
"301",0.0155046767318657,0.189742446819794,0.419946891266585,0.0365792533380197,0.23036194424409,0.107864787599645
"302",0.139690916854307,0.133863216827787,0.483186821555673,0.0435631541868416,0.198327644463187,0.0013682461122037
"303",0.0261967034030261,0.0977933266154973,0.548754283438529,0.093213958820756,0.177190660169483,0.0568510675527086
"304",0.0398077823772825,0.243453760763461,0.486021750061651,0.00595695754765446,0.0412330586575,0.183526690592451
"305",0.00056708677814463,0.249112966001228,0.511553478971915,0.100763206494102,0.0771584662209237,0.0608447955336877
"306",0.057936742487286,0.09834021233164,0.405691179065197,0.0362131878536257,0.344937158801296,0.0568815194609549
"307",0.289322895206045,0.0214162746328278,0.488959479559129,0.0822094809875092,0.099722099336193,0.0183697702782964
"308",0.0250827040015678,0.0395108741636988,0.386281914584451,0.0259809959214877,0.416162958467801,0.106980552860993
"309",0.0320668477801838,0.139089700464902,0.409972374653991,0.0495703592730468,0.302952044051573,0.0663486737763032
"310",0.130173438817303,0.0964869188471245,0.478170238293637,0.076729080940701,0.184469683082321,0.033970640018913
"311",0.0370099409037458,0.000113547556006832,0.439223940308852,0.0129817265398554,0.361025112055366,0.149645732636174
"312",0.041865405492023,0.130052680970751,0.499952810374463,0.0229425424550362,0.141134219939231,0.164052340768496
"313",0.207574440086939,0.0606046926539372,0.37692814317111,0.0342749072533138,0.271320489892767,0.0492973269419327
"314",0.188678515492486,0.0286258935455886,0.361912577323168,0.0270225690603686,0.247764123185648,0.145996321392741
"315",0.0116472443085556,0.0745129361242696,0.562671050103687,0.0491544639284805,0.177401464323698,0.124612841211309
"316",0.0808423218307623,0.0287923701247246,0.426982896510997,0.0440283374094418,0.313769551937698,0.105584522186376
"317",0.0129826119205839,0.156337643922641,0.560524523739032,0.0289018483349716,0.0902373257788103,0.151016046303961
"318",0.0375103523469101,0.245230833931783,0.54584766618414,0.0925016772351994,0.0109743220356692,0.0679351482662983
"319",0.0609839746120612,0.138679246484751,0.547503890918028,0.0229246298596998,0.0813773020609248,0.148530956064535
"320",0.0654864939381067,0.115176198475603,0.635698542108134,0.0394145645298156,0.0517815627412353,0.0924426382071059
"321",0.205756158946652,0.0111669125184525,0.329426028423768,0.0243783992040127,0.428994645512925,0.000277855394189637
"322",0.040585063124864,0.210161857511778,0.569257733455058,0.0955720832761122,0.032087096031794,0.0523361666003937
"323",0.0143156196429837,0.0629963018548767,0.456311144578212,0.0593776298853822,0.356875017581337,0.0501242864572088
"324",0.227240220537274,0.157549499302987,0.507520629355128,0.0411574870019184,0.0181424614948176,0.0483897023078751
"325",0.195529073856234,0.0564622620115639,0.512793571840478,0.0798817795507463,0.149243023414621,0.00609028932635636
"326",0.0846041732658713,0.114440052396644,0.483564631667928,0.067093311242652,0.230160112238759,0.0201377191881451
"327",0.19220094000179,0.154576387485843,0.372533373766279,0.0352797301202683,0.23895045657551,0.00645911205030923
"328",0.0965704293522165,0.0662466820761518,0.497313993330777,0.00583772315813003,0.176358135038764,0.15767303704396
"329",0.0500551663672555,0.0476491817868499,0.585546688885203,0.052574329506586,0.125309537827808,0.138865095626297
"330",0.19600215209971,0.188621818981357,0.463800221328867,0.0178997052404981,0.0964789120898471,0.0371971902597212
"331",0.0244444822979676,0.133080064699898,0.599789590886765,0.127443521234948,0.0516534138682633,0.0635889270121575
"332",0.0944980788278002,0.00158266692331703,0.603497111634253,0.0225373975637637,0.0682435613476152,0.20964118370325
"333",0.0674481779718759,0.146938058847144,0.543681922451522,0.0311721615293716,0.046889407092286,0.163870272107801
"334",0.0598697913982238,0.0761002015228234,0.386444691376371,0.00223875901347101,0.352440469133963,0.122906087555148
"335",0.0326013404625776,0.351856372944214,0.369040409141755,0.0434199929557074,0.150473015830677,0.0526088686650686
"336",0.192107940067343,0.0575792350650994,0.34613228248732,0.0178427398738515,0.352784793110529,0.0335530093958572
"337",0.202759323811565,0.260104887172695,0.480685756387564,0.0301873687266783,0.0133032072145537,0.0129594566869447
"338",0.00988816763499119,0.0166639833076864,0.49104090251311,0.0608880319566734,0.240091194667921,0.181427719919618
"339",0.0197407090254715,0.30795388512301,0.552199028044772,0.0791023953994163,0.00311153806700291,0.0378924443403274
"340",0.0848013041374947,0.00768627244515703,0.446038846380846,0.0354854518767087,0.279249051562832,0.146739073596962
