"","V1","V2","V3","V4","V5","V6"
"1",0.432392384746164,0.017459432862452,0.138131048138424,0.152581501513925,0.1284709589996,0.130964673739436
"2",0.0805185384171652,0.146658421558688,0.395098718394578,0.25918146565026,0.0538786359475802,0.0646642200317285
"3",0.0218595074253349,0.0547520211018153,0.264195069710285,0.099536550141569,0.213289145222249,0.346367706398746
"4",0.000634008156653338,0.0315886088829608,0.252284465058268,0.143693229585853,0.416809096776852,0.154990591539414
"5",0.160073076271074,0.139923318121142,0.28284944989829,0.0163140185766649,0.197852015053657,0.202988122079173
"6",0.0952210882162838,0.0132980712490672,0.0457778740957087,0.0905477506621681,0.39531179150755,0.359843424269222
"7",0.107626932448476,0.173111921263226,0.00782078872449708,0.0897924312282819,0.344988069639098,0.276659856696421
"8",0.213892088179935,0.247426887717225,0.0827954218194467,0.190239194271348,0.0430300786897726,0.222616329322273
"9",0.0649071568385286,0.28356400155373,0.00309637987407952,0.101538468463583,0.487838004277289,0.0590559889927898
"10",0.101909043023638,0.0934220616634882,0.374091796461093,0.234995203070894,0.158331043539814,0.0372508522410726
"11",0.286046025376147,0.135349401392237,0.154812650947176,0.219871823745826,0.122089914730114,0.0818301838084998
"12",0.158565284366628,0.064864413860162,0.384081853703749,0.3435521921008,0.0487093035222485,0.000226952446411998
"13",0.0215291462615359,0.0636979267718559,0.436187711776734,0.151162460311936,0.0145438910339497,0.312878863843989
"14",0.0937749100831812,0.085141512279787,0.0597588066711941,0.166868425450739,0.568651213075057,0.0258051324400414
"15",0.0245513505490891,0.184920470216628,0.388837855631227,0.200526174925661,0.0258492727891152,0.175314875888279
"16",0.120963811099416,0.0689040798546332,0.323944939111348,0.159234818265648,0.270611696179657,0.0563406554892972
"17",0.0870016920078929,0.0553099636060271,0.241612839540594,0.165281093009684,0.373149416249906,0.0776449955858953
"18",0.0170088716886002,0.0261429512388593,0.331618103878755,0.00175604895933384,0.065178862008601,0.55829516222585
"19",0.047727080708493,0.124644136375632,0.228937994246883,0.112748114517521,0.0643830685117387,0.421559605639732
"20",0.180940254932309,0.534561671968008,0.000844518363112275,0.0685619321418384,0.0213202438872924,0.193771378707441
"21",0.133634590748539,0.0426558332325232,0.185567650156458,0.211306262481708,0.402312783750327,0.024522879630446
"22",0.322234907000303,0.0157351650336433,0.202889704297649,0.234790246711018,0.111552995646225,0.112796981311162
"23",0.0566094215489199,0.0529512995486937,0.277456494751468,0.193699039452726,0.0489772593346466,0.370306485363546
"24",0.134350338200379,0.0350243605155195,0.0985677408101877,0.169502715355445,0.512297724132391,0.0502571209860779
"25",0.0939786930169283,0.248910244924463,0.167992366618898,0.206599179274068,0.230155610645987,0.0523639055196551
"26",0.0776078206738832,0.111654652855602,0.0718404656454643,0.0452818571386223,0.638353684883084,0.0552615188033451
"27",0.240071634792261,0.014382036378514,0.234373638965973,0.228091234239823,0.245641078676003,0.0374403769474258
"28",0.169497279128208,0.649843233225165,0.0968901253063544,0.0361672059815439,0.0364090871646252,0.0111930691941033
"29",0.200612277049569,0.0419914371947592,0.111536299195018,0.150404363529027,0.353506421237025,0.141949201794601
"30",0.0877394164700373,0.125432245989631,0.367037572215217,0.296868087887179,0.0306243156395803,0.0922983617983549
"31",0.352620963028894,0.0207982208253273,0.24562673153968,0.149767577748905,0.0795321705267106,0.151654336330484
"32",0.0120396751675339,0.170635489038297,0.264127261089374,0.0823923232035207,0.160604197856362,0.310201053644912
"33",0.0888496116003742,0.244869784759963,0.328494171427684,0.118921563950227,0.0874290995383495,0.131435768723402
"34",0.372847860456291,0.160363436404161,0.0313078015986324,0.0308659219729109,0.391449807821912,0.0131651717460927
"35",0.0568395687070205,0.0637513000517225,0.462497177267099,0.268922297137932,0.0118201796712419,0.136169477164984
"36",0.212606252567335,0.0793389893565869,0.328504501841217,0.172017718869004,0.178055017037946,0.0294775203279116
"37",0.386637393091696,0.0323247366494002,0.165055323597279,0.344484331660992,0.0263425337722683,0.0451556812283647
"38",0.227468698395921,0.19135650921135,0.0896895146333298,0.31563711159547,0.163539032171792,0.0123091339921385
"39",0.116900749194656,0.0335692239492575,0.398815217951773,0.186085452716983,0.0467126971514162,0.217916659035914
"40",0.148948267929525,0.0019321243690871,0.125125156304144,0.169692381792709,0.434893832716719,0.119408236887815
"41",0.10553485401467,0.0387285321870492,0.360227339585691,0.132159236816392,0.00433367174992333,0.359016365646274
"42",0.0957078537873228,0.0318238811527996,0.118735738695336,0.144203836040242,0.558891198455417,0.0506374918688825
"43",0.144318320197113,0.139083816721488,0.31198698220466,0.0529005164264696,0.0415274226473545,0.310182941802915
"44",0.177807701109786,0.0323872848878576,0.29563865336945,0.270156422978984,0.141320624951722,0.082689312702201
"45",0.0692299604463645,0.522073328331294,0.12811614447633,0.155311076009614,0.0674273316375061,0.0578421590988898
"46",0.209955461581412,0.0436779300237075,0.335022637222721,0.277635233830828,0.0710707196119456,0.0626380177293855
"47",0.141843207652595,0.190885914599735,0.340894890476415,0.177835459188496,0.105251194945211,0.0432893331375476
"48",0.171685219767898,0.0059675096384602,0.429943848913369,0.330859108025066,0.0140973901530469,0.0474469235021603
"49",0.0657389381572447,0.0642554985166803,0.408958971073967,0.227560617694607,0.231802179406207,0.00168379515129375
"50",0.0797916413477783,0.321260954740433,0.227302133922537,0.265012712851959,0.058467012089068,0.0481655450482245
"51",0.14714354073069,0.130913628388342,0.155031733683223,0.0588510798591285,0.346376537258254,0.161683480080363
"52",0.0801530187596397,0.000646349144446772,0.352581814518989,0.213487162377414,0.0726089594450512,0.28052269575446
"53",0.248324197539764,0.11702987605665,0.24105704346488,0.27910847276327,0.104686622924999,0.00979378725043669
"54",0.287775187675133,0.00974900079741832,0.0279084427308871,0.0305583231042728,0.590083135723987,0.0539259099683019
"55",0.230815924868362,0.233618451023739,0.215179819914381,0.103007916197197,0.0787229255669898,0.138654962429331
"56",0.0474466213256551,0.213731736519362,0.281888390465469,0.269445775286268,0.0753102898099275,0.112177186593319
"57",0.0502302801794935,0.0869443842169758,0.458907091969927,0.11664526883646,0.00851931448771136,0.278753660309432
"58",0.107177959110118,0.118959428430007,0.132623286975906,0.0571869140213909,0.248026499545287,0.336025911917291
"59",0.000209211417218429,0.0639203697433687,0.466542668663498,0.302759523058198,0.0327986430547696,0.133769584062947
"60",0.147128073203371,0.0634091714147616,0.31670747268864,0.112777527543703,0.222098146473903,0.137879608675621
"61",0.312073828225449,0.0572059498911769,0.156228506410059,0.180758547849744,0.221843421825037,0.0718897457985342
"62",0.0361377273196476,0.0220006342480234,0.463724570306376,0.398357736074736,0.0689016063443574,0.0108777257068595
"63",0.13934691217269,0.0411585098774687,0.469212395788204,0.140480637497371,0.0309053303506917,0.178896214313574
"64",0.181663360073805,0.0169926788670561,0.314950665018745,0.280806996124624,0.131842087302349,0.073744212613421
"65",0.0849382841507255,0.0554570960176771,0.203619479456246,0.134779442780132,0.151758753594765,0.369446944000455
"66",0.0624996952652654,0.170326806638475,0.136755325806422,0.110163853279438,0.439605571921828,0.0806487470885725
"67",0.00144856831558812,0.0472816474383236,0.482739032486747,0.355578117189641,0.0880566098762257,0.0248960246934749
"68",0.0474009444213127,0.039347845396171,0.433669973900165,0.380898817375191,0.00735946488029822,0.091322954026862
"69",0.13289625600416,0.160210518696467,0.302355833383575,0.326738489704133,0.0421617303836405,0.0356371718280245
"70",0.00660723729996522,0.370628828888887,0.341532493318416,0.0368778836337788,0.0420904165170611,0.202263140341892
"71",0.00900903915414166,0.375708386654096,0.253166222094388,0.0873417119609985,0.142295135000805,0.132479505135571
"72",0.269760158219251,0.242466341406847,0.222338419640469,0.111154202085285,0.131696701110108,0.0225841775380401
"73",0.0203405899783532,0.133479015544931,0.0743144277337994,0.14563101146718,0.503344381404641,0.122890573871097
"74",0.112446822562588,0.0110282906957275,0.405897153579902,0.202779559789249,0.079220307876127,0.188627865496406
"75",0.00830916413400229,0.0112193446514483,0.481170968782861,0.271683451709791,0.135519462794935,0.0920976079269618
"76",0.166243030513567,0.0592511865804345,0.0157733935174411,0.229842187323651,0.490536863411513,0.0383533386533933
"77",0.470148955597952,0.129367538167826,0.248238393338082,0.120086151979309,0.00563978625487962,0.0265191746619517
"78",0.200909747823867,0.0484411156574359,0.410431040362755,0.297211064077698,0.0228048931531128,0.020202138925131
"79",0.165818932755911,0.367543233757244,0.151348392329881,0.200433806277955,0.072038276080635,0.0428173587983742
"80",0.0460424461676775,0.182453661870213,0.305926615872517,0.292016198264271,0.0933709510952986,0.0801901267300229
"81",0.133461014901698,0.0301547113180001,0.264038604664977,0.319551584622367,0.165072642314854,0.0877214421781033
"82",0.135120392138392,0.0130362102563951,0.345967397152062,0.337725046257843,0.0731757391642439,0.0949752150310641
"83",0.192573984292844,0.025229462846007,0.457519406891621,0.158141713511014,0.0680871065756582,0.0984483258828554
"84",0.36923369732253,0.277940768208184,0.0751312238026017,0.145598035890453,0.0440015485867166,0.0880947261895158
"85",0.37405917728539,0.0452664397420134,0.290325162193903,0.154659424882516,0.123064279313913,0.0126255165822645
"86",0.202967137097854,0.154106796770167,0.0884967747685978,0.238417036387647,0.280063873458082,0.0359483815176522
"87",0.0752202370875717,0.0774416962580157,0.454938658090471,0.293370052095796,0.0203456675191054,0.07868368894904
"88",0.0848382182906984,0.126800957658324,0.00999062174861922,0.0837027743263275,0.562862174764884,0.131805253211146
"89",0.020718323064919,0.0301746647905031,0.438491646757151,0.412496024336778,0.0976002214977144,0.00051911955293501
"90",0.0531623364364439,0.0732925329692737,0.386624849420325,0.221071532814716,0.178376624441736,0.087472123917506
"91",0.0107871159782049,0.00889148591353565,0.457651597847093,0.41440053947003,0.093903994705003,0.0143652660861333
"92",0.124583578825916,0.0801566046347552,0.367741375619444,0.18079490102455,0.0951034143369814,0.151620125558353
"93",0.0122914632522951,0.0378290390996083,0.142968040726818,0.135099642159056,0.580953768857707,0.0908580459045152
"94",0.00417376427366915,0.127549374389701,0.39661878034247,0.249346405451647,0.122918725718067,0.099392949824446
"95",0.013645194195248,0.000560782464586765,0.469677560333474,0.287156716095981,0.0484344659662335,0.180525280944477
"96",0.211274940539655,0.0547469186610102,0.287224325153182,0.212277884188771,0.177778194590761,0.0566977368666214
"97",0.366826341105335,0.224207495171705,0.0924936672551717,0.0610804468233323,0.0749489186491437,0.180443130995312
"98",0.151593071590443,0.0515619986863701,0.373356491893715,0.296878585395137,0.0434758977918225,0.0831339546425134
"99",0.0353247118687382,0.0673369264498449,0.21073959952887,0.0230236885865466,0.593435799303369,0.0701392742626315
"100",0.0552953012818348,0.0485179515080937,0.485668812456884,0.333554510806663,0.0694206617288305,0.00754276221769411
"101",0.0745020544093248,0.0936127238082678,0.366214760449242,0.22928030613383,0.144887561426931,0.0915025937724046
"102",0.0943879754123981,0.106433760305598,0.435573287609686,0.319660906944524,0.0255484874183055,0.0183955823094884
"103",0.0343018428273903,0.0193514845279276,0.134172511158597,0.239321087313782,0.400284664374878,0.172568409797425
"104",0.0329692003271277,0.103148662392078,0.426109919128554,0.32577070599576,0.0963808587780185,0.0156206533784618
"105",0.0148588731655529,0.0115257588205067,0.427575348060829,0.257219179502993,0.059480943486188,0.229339896963931
"106",0.0527371054364591,0.0383206439326103,0.301696546300297,0.36369098631039,0.161394225049215,0.082160492971029
"107",0.10381544868173,0.342288757152219,0.0619512163710953,0.0902175974391247,0.344757302198245,0.0569696781575856
"108",0.122045348461927,0.356778148552033,0.00529062778925162,0.0134784215830286,0.0482595631975834,0.454147890416176
"109",0.166829999153548,0.0859346772440713,0.428040805383448,0.219683494946201,0.0732153098684976,0.0262957134042337
"110",0.102132474384364,0.0812736384415312,0.423266655151706,0.339549156362509,0.0286482508909641,0.0251298247689254
"111",0.171471574984213,0.197124829122503,0.281492613986684,0.305986905529412,0.0110245585413963,0.0328995178357918
"112",0.204593043866709,0.0133157489331472,0.107225197046648,0.280436897615539,0.205845057960001,0.188584054577955
"113",0.174329865204269,0.0594049779245893,0.281705450608366,0.229985049548577,0.201818879128021,0.0527557775861776
"114",0.0180792480862293,0.0114505456510464,0.51236059092899,0.367206412798911,0.0261838977931685,0.0647193047416545
"115",0.0675619299447865,0.012040274219538,0.274345983861017,0.285562758590613,0.197937815726681,0.162551237657365
"116",0.226409064374864,0.101289025874411,0.396973026274799,0.223050834329187,0.0275316897376043,0.024746359409135
"117",0.191984878909359,0.293633580726605,0.189272896648848,0.00315322657363647,0.0206544196395718,0.30130099750198
"118",0.067649048281212,0.121965933148255,0.0500515920017702,0.270518629002307,0.434972604292984,0.0548421932734728
"119",0.0212884046652363,0.106631625713042,0.265102399362827,0.142916242714834,0.356903641610137,0.107157685933924
"120",0.139773409402933,0.14827859908982,0.233888991529625,0.229868928422439,0.0987953315918266,0.149394739963357
"121",0.14213520039276,0.0172732758999283,0.389931556408028,0.118434596469757,0.0642853417706469,0.267940029058879
"122",0.0470058581758244,0.147191494531329,0.383939024540409,0.21109540396705,0.0436423293529746,0.167125889432414
"123",0.00702760932615136,0.0741903428688912,0.415705300765014,0.36817710095517,0.0863767021912212,0.0485229438935525
"124",0.016378595653728,0.589335781732064,0.188284325341986,0.159406074554607,0.0103008457648462,0.0362943769527693
"125",0.127206680467234,0.0241562656050505,0.400305676313194,0.127958289960593,0.0420646185555498,0.278308469098379
"126",0.0739212420821467,0.120648680968966,0.27229452408906,0.2598686142142,0.201500479740312,0.0717664589053159
"127",0.189219578817444,0.100194552301858,0.237601891785505,0.220713557263863,0.201806077117514,0.0504643427138156
"128",0.091048431010065,0.160779486752874,0.0702281983914061,0.246354053717464,0.339428261199598,0.0921615689285931
"129",0.0246967743121328,0.0659496197326817,0.373646677015021,0.153951899990384,0.340573053032597,0.0411819759171828
"130",0.0617523789244312,0.17971164603671,0.32612640570548,0.365180940872451,0.0452925122462101,0.0219361162147179
"131",0.0763027841920863,0.207153741130601,0.296327848168641,0.206170030655881,0.0458516001371799,0.16819399571561
"132",0.0930884842668074,0.0403639181531584,0.140256949775988,0.259380397746849,0.455519348240904,0.0113909018162941
"133",0.0430854541707638,0.0910883944291491,0.502727354299437,0.305387146361337,0.00269965021884255,0.0550120005204699
"134",0.02838503425865,0.0633836326752376,0.209255874382853,0.280643509624894,0.321355811325485,0.0969761377328801
"135",0.0343755052052651,0.00516632922855889,0.340637455359919,0.227514294957807,0.176686571031507,0.215619844216943
"136",0.0109772624407581,0.0697298327215057,0.26045438983951,0.0348556267862392,0.362615617869305,0.261367270342682
"137",0.31453657969253,0.387841442733572,0.0828475488908849,0.066301424588916,0.0283388774581731,0.120134126635924
"138",0.251360978460776,0.0947460680360934,0.051053188167397,0.227422138329696,0.364426428971499,0.0109911980345392
"139",0.214126426598923,0.103951295337,0.181274947436311,0.20892709761713,0.146832102271302,0.144888130739335
"140",0.00294151282660333,0.287194138168645,0.314125234070806,0.243616263057814,0.0914921903766181,0.0606306614995133
"141",0.0375050559441292,0.216983254513117,0.244284660116899,0.244461185424567,0.147029731946071,0.109736112055217
"142",0.21414554303532,0.0795255735318231,0.301976638998744,0.241362652807314,0.116985323331917,0.0460042682948806
"143",0.036692039692966,0.221007264972523,0.276994477398545,0.191737244385292,0.10527656072984,0.168292412820833
"144",0.0628386817340899,0.00738846426943185,0.209666443972917,0.208180464986818,0.46397771029795,0.0479482347387934
"145",0.0966206704831407,0.320185037833958,0.168973030814289,0.139368157782742,0.0643000393898437,0.210553063696027
"146",0.0877939887515794,0.0638816635245332,0.289418938588515,0.253663484390122,0.178731319416328,0.126510605328923
"147",0.148268606244954,0.00856584107338019,0.0707913175270516,0.0427949373536855,0.228157362859058,0.501421934941871
"148",0.191127068289339,0.0719938042256731,0.121748177892921,0.153201652464474,0.381922911749881,0.0800063853777113
"149",0.110518876677285,0.00535760382861925,0.40307417992244,0.0995624283646955,0.00546325309909721,0.376023658107864
"150",0.150651415898878,0.120342511631335,0.357393427281722,0.291798105048403,0.037545115172019,0.0422694249676431
"151",0.115625069353201,0.203799241833587,0.168970782754304,0.274164176745729,0.234912959126724,0.00252777018645405
"152",0.0281704918884084,0.444771385987521,0.11069261973171,0.142787295335792,0.229660965130533,0.043917241926036
"153",0.22539351374615,0.000908337092017744,0.220568728372524,0.359191731905954,0.119055569373133,0.0748821195102215
"154",0.0328454278519941,0.0197472900459471,0.178816857612111,0.277022898553447,0.325863388141571,0.16570413779493
"155",0.118851314948652,0.0860780342974387,0.337772782571401,0.0908545822291612,0.0723158634393194,0.294127422514028
"156",0.0603337999922476,0.300245812760299,0.173203988996695,0.16236488571707,0.0710092019696753,0.232842310564014
"157",0.0591344088033425,0.116097168368318,0.314099344750809,0.142408290091972,0.0766063661210394,0.291654421864519
"158",0.0205445115408465,0.0766496622836028,0.427644016178996,0.33844798821992,0.109685372473955,0.0270284493026794
"159",0.0595121039174541,0.124763344215606,0.349598584275034,0.139815399969126,0.275009463025209,0.0513011045975711
"160",0.120477797989516,0.0918754776087093,0.360006639836251,0.0635027941173578,0.145841338693809,0.218295951754357
"161",0.0949957184110583,0.0126179411245795,0.144392656200828,0.118401922079746,0.230452300623867,0.399139461559921
"162",0.0734289016465291,0.0424867278644051,0.432829064738396,0.23934451532382,0.012264525316841,0.199646265110009
"163",0.00734311421003386,0.214730995139572,0.00205302955836401,0.0353841027176146,0.590935689943055,0.14955306843136
"164",0.0349015175970224,0.160363826171591,0.354471083094117,0.245964551073805,0.169872231272655,0.0344267907908084
"165",0.0821855037055957,0.0185164980440449,0.407269606093604,0.231712361110971,0.14396625091651,0.116349780129274
"166",0.023625033839463,0.0588998074176545,0.278859836169554,0.263276898130503,0.332630407061788,0.0427080173810373
"167",0.0819071446169898,0.0889105143649749,0.294343928556351,0.248321144414718,0.261151059261475,0.0253662087854917
"168",0.453543560653163,0.0832919905584284,0.138572183481561,0.165367595212236,0.013116049289977,0.146108620804635
"169",0.0263772323935642,0.0890881413338915,0.441898264364884,0.272280270956786,0.123298710316209,0.0470573806346648
"170",0.0886147316733128,0.00403802028507162,0.310069895707526,0.222764918117524,0.1593620516677,0.215150382548865
"171",0.08800450236198,0.190918248083478,0.156622927964282,0.246504201850075,0.303319515259817,0.0146306044803672
"172",0.0859223110341755,0.0887196670951158,0.381817411108857,0.220766916189819,0.11395445630259,0.108819238269443
"173",0.136427220719962,0.0490953199222044,0.34079997533038,0.276645365307564,0.131694483619837,0.0653376351000517
"174",0.181018801223159,0.227346966970932,0.215717930346365,0.261022038764441,0.0998171389855789,0.0150771237095245
"175",0.0498558963970745,0.0444574436540117,0.265504286515233,0.214761935805573,0.297798463857939,0.127621973770169
"176",0.308446082815194,0.0514024609676957,0.347036728890222,0.102943216822397,0.158426910872844,0.0317445996316468
"177",0.207713885127499,0.0209556142057349,0.272785680586387,0.268187566829471,0.0832685105332337,0.147088742717674
"178",0.0165651033534452,0.0133112557056807,0.515933342215718,0.381845193250248,0.0588407299417566,0.0135043755331515
"179",0.185818206855012,0.00812730192700848,0.131248616247909,0.199184427672642,0.253792944050988,0.22182850324644
"180",0.265157498990802,0.130101873102038,0.23529078075634,0.272290005164162,0.0920495176839481,0.00511032430271038
"181",0.0211590468819972,0.355891178806422,0.215995231070824,0.00213540787194346,0.111512855334653,0.29330628003416
"182",0.172377996426362,0.119636215105757,0.234123693425023,0.178962925038459,0.125607941181087,0.169291228823311
"183",0.0275672788189142,0.175986898837414,0.272261160073657,0.240321070219055,0.237899166830908,0.0459644252200526
"184",0.334910417069708,0.0120041568382142,0.194516278653662,0.208434965897835,0.203636701898329,0.0464974796422518
"185",0.0393282844305613,0.134781602214915,0.317634281662714,0.251639620831464,0.100520685918716,0.15609552494163
"186",0.100435197023127,0.228142659930135,0.369147704523728,0.19829465653922,0.0340400071593409,0.0699397748244488
"187",0.130822654645462,0.030678895168381,0.318661962533493,0.201390943742572,0.125509113780153,0.19293643012994
"188",0.0184843225098005,0.318720684168299,0.250529039791483,0.311435002419971,0.100683048428838,0.000147902681608229
"189",0.085844918602313,0.0600520040948971,0.423924118403921,0.326977413313686,0.00753614108678351,0.0956654044983994
"190",0.139326727870214,0.0271447293004968,0.429150180139557,0.331124205630337,0.0638950477403523,0.00935910931904297
"191",0.322356748382365,0.162897404468644,0.0845375647291144,0.0298302460095901,0.271529448029911,0.128848588380376
"192",0.0699729936078114,0.0246268384876721,0.117691129873193,0.189943075328265,0.369853870037231,0.227912092665827
"193",0.0705116136635935,0.0545223350391611,0.440937562470738,0.0675895293671917,0.154008324463214,0.212430634996102
"194",0.303174176505278,0.347491305388028,0.056469746161314,0.0310827741532176,0.144985783155656,0.116796214636507
"195",0.189660062082732,0.0690523044821012,0.300653904651751,0.0641067493199513,0.000791246272325044,0.375735733191139
"196",0.0086234464418359,0.22755484790357,0.223114033553897,0.254184132131286,0.230043558587815,0.0564799813815952
"197",0.0262621007683753,0.108276933549669,0.317196558644722,0.19130986345031,0.0563760235939071,0.300578519993017
"198",0.0267551013265758,0.0454346644849147,0.1314973783862,0.0325898453279956,0.0201375538959034,0.743585456578411
"199",0.216892005260937,0.0553044886281694,0.025753149217905,0.13413331928141,0.541052749874417,0.0268642877371617
"200",0.0736331865271459,0.0835724601369525,0.344688903409606,0.172563795154097,0.147977295493972,0.177564359278227
"201",0.0612050477186746,0.0763358402342119,0.415599970518675,0.43181653613577,0.0054313183436304,0.00961128704903742
"202",0.0834185309375828,0.00627560077222886,0.423296145669942,0.237067189415035,0.0241648401954352,0.225777693009775
"203",0.0182756591564697,0.0406451923185586,0.375455629256564,0.384985824209197,0.0851590671913407,0.0954786278678702
"204",0.0269312733447639,0.107862365488909,0.406060823286684,0.131755598563668,0.105883504912166,0.221506434403808
"205",0.0937035721436496,0.23589501407525,0.216033427570837,0.250476385802623,0.1191488561034,0.0847427443042402
"206",0.100071630070202,0.0647520700645208,0.304450697955759,0.162057941564295,0.192265151595696,0.176402508749528
"207",0.0499817490946693,0.136549812126039,0.291888444073795,0.113802882313469,0.0861118202689718,0.321665292123057
"208",0.0413199398584187,0.210912194339797,0.320046173565003,0.302868953788654,0.0937646304872647,0.0310881079608616
"209",0.00874975447585733,0.111672697595213,0.429266660380041,0.327726633297874,0.116689912988398,0.00589434126261657
"210",0.0224447093955108,0.324679900512598,0.267847977726742,0.314400665072993,0.0235834279486054,0.0470433193435507
"211",0.00201351096503416,0.12592798847323,0.315036137945395,0.289660445786288,0.113590883908972,0.153771032921081
"212",0.151752982162212,0.0337677984503452,0.227268820409632,0.18289821588411,0.362837347954647,0.0414748351390544
"213",0.0587491266425735,0.0101057691108972,0.368132486311939,0.268558996208794,0.0129467343452096,0.281506887380587
"214",0.147699395462985,0.127790131000227,0.442872210245476,0.24353559947553,0.0324639494688452,0.00563871434693696
"215",0.0425604185704426,0.00333345816689875,0.492471028764632,0.312329964502386,0.115651215311634,0.0336539146840066
"216",0.134535342317298,0.124778531611805,0.402821525659717,0.315491154855291,0.0173702491683823,0.0050031963875066
"217",0.104632223487281,0.0654390108664864,0.175973131162154,0.390432985996124,0.217751225853825,0.0457714226341296
"218",0.119833658580771,0.00259059947174906,0.303947692244952,0.224756446431313,0.116720233305754,0.232151369965461
"219",0.0328668162884556,0.376002455850262,0.0930288711419176,0.157970340934132,0.133187677444631,0.206943838340602
"220",0.0246284504851304,0.0790434577008105,0.0748918642031088,0.215980972274959,0.544386092288273,0.0610691630477182
"221",0.0549442043572807,0.0545166527851123,0.136411701643885,0.134388543548737,0.353713470808977,0.266025426856007
"222",0.0590693629324916,0.118808505130624,0.275254317851164,0.285834503420612,0.191962696262819,0.0690706144022891
"223",0.0023119199841831,0.386298830125078,0.162595934816786,0.173176775229476,0.196112195659006,0.0795043441854718
"224",0.176706275560248,0.0506589677865824,0.22454379973978,0.169200923234722,0.118783470516918,0.260106563161749
"225",0.0864320628058751,0.0168700099775514,0.474873638802307,0.326386997238161,0.033753593803962,0.0616836973721436
"226",0.413711374545538,0.0425650720395825,0.131586082563707,0.116099580035265,0.204130757042702,0.0919071337732057
"227",0.0669553520396334,0.00233357216050976,0.374688103622005,0.232536167256731,0.147307509381507,0.176179295539614
"228",0.140701568043015,0.0508643626753603,0.390144494903442,0.23975101930558,0.091759557921196,0.0867789971514076
"229",0.195459611118706,0.0323801774246723,0.263706327555577,0.238147104830613,0.152958711283026,0.117348067787406
"230",0.244967520002742,0.0380675297845456,0.111522155903385,0.0952567963193235,0.276284651139643,0.233901346850361
"231",0.0716267374925292,0.0348682737400111,0.355608730435205,0.22875926341241,0.0832788866491017,0.225858108270743
"232",0.0973880736528677,0.321226199632793,0.139051091479411,0.094557291959133,0.299398893191185,0.0483784500846107
"233",0.348576383917168,0.0365847988656275,0.323567568234003,0.104149835308315,0.00232045792836771,0.184800955746519
"234",0.0225070628580609,0.226333409717979,0.133210251829147,0.161173249764637,0.335025095108372,0.121750930721804
"235",0.211339758645166,0.104738537227112,0.316058443184504,0.248737773479453,0.103129473403017,0.0159960140607495
"236",0.0527995909302401,0.0152852364410712,0.353208646402464,0.273921547071755,0.0555381607653878,0.249246818389081
"237",0.0142904931562786,0.0830048267935543,0.256607747019939,0.363450271449501,0.18785646989253,0.0947901916881979
"238",0.0754523022536669,0.126850918863548,0.44990549961737,0.225647698781576,0.0500709387130619,0.0720726417707772
"239",0.0984445346818818,0.0230289041660064,0.368595322182532,0.147573026372341,0.109398721844557,0.252959490752682
"240",0.0274987243791792,0.172953947473125,0.475850863402161,0.196224031682361,0.00927490276018146,0.118197530302993
"241",0.0434158650560495,0.0175428772046533,0.383935625833568,0.219474388458632,0.0133083287532987,0.322322914693799
"242",0.0440111485906445,0.107717417935813,0.166934386302033,0.182177845251951,0.273972440535636,0.225186761383922
"243",0.0784844631287858,0.00624227173660456,0.274549847952012,0.138975586469043,0.268908384925953,0.232839445787601
"244",0.236157339826458,0.103651275942613,0.447053112822122,0.104568047698241,0.101966415618984,0.00660380809158197
"245",0.0460873936070086,0.532569635213985,0.124409924514977,0.0304377844378857,0.121124645075531,0.145370617150612
"246",0.0971569753801406,0.0778282333079183,0.397063277229488,0.293876075456478,0.0281905266199795,0.105884912005996
"247",0.130126588481052,0.030970155440327,0.318768164466807,0.151295569408454,0.0575598968132515,0.311279625390109
"248",0.128216350341629,0.063091694171517,0.450909692868061,0.287418640952265,0.0615135539249436,0.00885006774158444
"249",0.294087245447553,0.0366512069641892,0.000593517866770833,0.0989031190584969,0.481384034923496,0.0883808757394941
"250",0.102591216367915,0.166633180109504,0.415667860259592,0.20409325520566,0.0775829930167513,0.0334314950405778
"251",0.312760342328549,0.0121741897808187,0.32250131002853,0.167521339725333,0.00648310080698977,0.178559717329779
"252",0.132638122287875,0.124200623005947,0.0793970711835743,0.114675795247432,0.288550166949972,0.2605382213252
"253",0.156593387945116,0.136915372883191,0.169246771487708,0.183241195053916,0.252944697080129,0.101058575549941
"254",0.158135621707785,0.0285528172076479,0.328797361740247,0.0933464147647756,0.228797030847729,0.162370753731816
"255",0.0263586694165954,0.224857522972623,0.413527581285138,0.315098659954307,0.0187369669460782,0.00142059942525845
"256",0.113748147576997,0.475504198055751,0.00449917524721862,0.0304085300933626,0.329807916298862,0.0460320327278092
"257",0.0851398783502342,0.169938325392566,0.253918121576491,0.1726743707068,0.312269286719822,0.00606001725408706
"258",0.0320743203423857,0.0305582249966196,0.230597651204361,0.268292126301008,0.355677989169518,0.0827996879861069
"259",0.238478498418955,0.590122082673956,0.0166304400106981,0.0776199832565045,0.0179613116338235,0.0591876840060631
"260",0.464545466479365,0.038754869929624,0.117683023228133,0.0628218410660643,0.173384594676409,0.142810204620405
"261",0.145915420120003,0.0502035410821439,0.422269599698439,0.286991057813495,0.0605504880982719,0.0340698931876466
"262",0.0234007456586722,0.0125557839304853,0.489695835049049,0.410892292263986,0.0254011116371289,0.0380542314606784
"263",0.0589566579183537,0.35701297886493,0.113083035491337,0.203350442878852,0.219574333494284,0.0480225513522426
"264",0.0192857616730236,0.0852353443972556,0.445468650391733,0.274588263405461,0.0692602647107215,0.106161715421806
"265",0.0476440168080457,0.157266977772647,0.0546202801380585,0.164163838254631,0.549446938816589,0.0268579482100294
"266",0.261729455631367,0.0484785614946891,0.0400730345780401,0.0741442887098418,0.427327495445302,0.14824716414076
"267",0.177259973355786,0.0688276473652213,0.441840886357277,0.27127327654752,0.0295907189133812,0.0112074974608151
"268",0.193711111601193,0.0643274407216415,0.258284479009964,0.303994821318725,0.102125402515613,0.0775567448328631
"269",0.10565109262054,0.117858907203878,0.428567126740062,0.282084175762035,0.0439335414791777,0.0219051561943076
"270",0.157760372274334,0.0242589344136155,0.149185670289279,0.233034933087829,0.401763657089278,0.0339964328456636
"271",0.599871244103642,0.0535364867626904,0.0805790968194408,0.0168052752299592,0.212325384400858,0.0368825126834095
"272",0.0113143826926974,0.0034338297308516,0.424791188932539,0.355922915889147,0.0675249736685094,0.137012709086255
"273",0.0698837587944254,0.0513770045522072,0.151177203667727,0.169045409630177,0.234421122679046,0.324095500676418
"274",0.0534862135941494,0.195570190069418,0.358444750341282,0.259809701106128,0.0629551565173552,0.0697339883716672
"275",0.25450589652228,0.187253685560306,0.0545493818771742,0.15152666633954,0.125288503398118,0.226875866302581
"276",0.258845540523388,0.00221912183869699,0.292015385530031,0.315248379115116,0.0167235411806436,0.114948031812125
"277",0.247901811578058,0.015189735067496,0.1154761182202,0.130846492148934,0.445731024773546,0.0448548182117656
"278",0.128990297391897,0.248032298189399,0.371348308636837,0.164876358028866,0.0430814820032106,0.0436712557497914
"279",0.0193572434222249,0.284617954826114,0.116734799194279,0.197658790564672,0.307678792195208,0.0739524197975019
"280",0.0889061211853641,0.00158767046929851,0.478784418705696,0.323230393170899,0.00219162773187913,0.105299768736864
"281",0.0264034178484088,0.0222236199457854,0.153993864626104,0.171898369950977,0.403198951361983,0.222281776266742
"282",0.256937475674692,0.159374312783715,0.319810677890824,0.0306206395146537,0.0791688511299154,0.154088043006199
"283",0.242989511654012,0.19438110584572,0.149337545235266,0.0399626456396923,0.119353815260691,0.253975376364619
"284",0.233499287762264,0.038696588799552,0.190613329938507,0.161299765923513,0.29978965873251,0.0761013688436552
"285",0.251417425986456,0.0086182075998842,0.313093544960748,0.103977615540993,0.015714419060705,0.307178786851214
"286",0.154118930873926,0.0346819384878549,0.401328660219958,0.277272360215712,0.0732033815827582,0.0593947286197909
"287",0.0844728613236825,0.104632072149679,0.392599340742,0.220536772916364,0.187405325895386,0.010353626972888
"288",0.100422302619211,0.103175366680449,0.377178307208041,0.344805760206636,0.017202955184002,0.057215308101661
"289",0.234872489497601,0.0604816525731199,0.453430624475919,0.16814310281703,0.021507210868346,0.0615649197679849
"290",0.000552509384419776,0.246806791347861,0.0898357112054065,0.132464932373195,0.362136296486651,0.168203759202467
"291",0.0580086342045759,0.0721017958188283,0.431023115124021,0.349757437980011,0.0776450786260422,0.0114639382465211
"292",0.0260821683604963,0.0463174301318319,0.0590428788309161,0.251470050616204,0.537884047356762,0.0792034247037895
"293",0.0465512344129207,0.0153930106352092,0.426053024045683,0.219976052955815,0.0733851943769662,0.218641483573406
"294",0.025036216608175,0.0893562958315659,0.400619442604226,0.466139404581591,0.0134461937861733,0.00540244658826914
"295",0.0110239715485173,0.120252840440719,0.43087398976271,0.154679129772609,0.187503942758947,0.0956661257164981
"296",0.0111130279819882,0.036183429476684,0.45520283314866,0.36519342612929,0.122139386747729,0.0101678965156484
"297",0.0056171201214566,0.0657562116497027,0.357295406948362,0.253028066136714,0.151027732599649,0.167275462544116
"298",0.087401212525094,0.0186353650558543,0.617536975701937,0.239861189416673,0.0186557367614546,0.0179095205389864
"299",0.117924627933639,0.0423485654351156,0.308937426436587,0.307886170231658,0.172314174524023,0.0505890354389779
"300",0.0180115630827047,0.110882824621423,0.336820487913899,0.331496548216444,0.200118435398088,0.00267014076744142
"301",0.00799081994332707,0.124707079570085,0.307990724303115,0.418504161297042,0.118460109124315,0.0223471057621163
"302",0.265591573939859,0.648346541996903,0.0124413119802129,0.0267510203707762,0.0433175731475212,0.00355197856472744
"303",0.131849318418149,0.292270416594464,0.288750659523263,0.252033628169449,0.0122407060231257,0.0228552712715498
"304",0.0598894650723777,0.0057931236807472,0.308798906617956,0.201005073776998,0.183731757656286,0.240781673195635
"305",0.11285840634671,0.152193055769041,0.39406492142538,0.238969881930658,0.0216370020501726,0.080276732478039
"306",0.109062647900124,0.0310913022901557,0.368246544435389,0.176491202785949,0.00240646977685906,0.312701832811523
"307",0.224373987415111,0.0116489827201665,0.231390245933269,0.23849091478576,0.0601321320657107,0.233963737079984
"308",0.0334254804610555,0.0975914499867453,0.267894181750362,0.288143183269599,0.196536611357681,0.116409093174558
"309",0.0138427310529818,0.18613813419443,0.271690761086092,0.0656191165338379,0.199850650546027,0.262858606586631
"310",0.22372535421678,0.020505814046411,0.354074026240691,0.117012942307008,0.0233066637279628,0.261375199461147
"311",0.144660376869551,0.00741480033225292,0.2545933049484,0.000295051022124825,0.0401465670748471,0.552889899752824
"312",0.0157851319215257,0.26768643201221,0.250168772946743,0.143703751915211,0.246908602123957,0.0757473090803529
"313",0.0796167573369459,0.024589123787902,0.437085970847536,0.249708822062926,0.194735189865311,0.014264136099379
"314",0.00905468533731502,0.0507448876266387,0.136297249840939,0.114625293340413,0.542954349508885,0.14632353434581
"315",0.101539090364354,0.0357644399618666,0.200488561912688,0.165216222035779,0.344572141712478,0.152419544012833
"316",0.0538851990618193,0.0153556212013757,0.410458508596262,0.325096650666933,0.0860043882125929,0.109199632261017
"317",0.148443744795852,0.0365246988147579,0.447737421813198,0.278704461050156,0.0109389197092409,0.0776507538167956
"318",0.189336207266072,0.0972492409232886,0.181876324861894,0.0464376711051132,0.0727627831956505,0.412337772647981
"319",0.160858660749673,0.166924148381456,0.0438259270102943,0.121558704937819,0.148281992811452,0.358550566109306
"320",0.0583187439299533,0.0991837256804051,0.181245160675716,0.300699440425319,0.329501117540125,0.0310518117484819
"321",0.123693283559576,0.256555072453788,0.206063880948203,0.240964142134904,0.13296747451989,0.0397561463836394
"322",0.059091206527032,0.290290973588894,0.249322829604155,0.156920701797686,0.16734910079537,0.0770251876868631
"323",0.0644220661519763,0.047984631409588,0.404613956012631,0.272172359828798,0.191264537141997,0.0195424494550098
"324",0.0352389507643508,0.00760878275904004,0.256435477696777,0.277986256847891,0.158303114279931,0.26442741765201
"325",0.0995924319865757,0.287558367902109,0.196427136219176,0.335693735353239,0.0742594647333322,0.00646886380556854
"326",0.046311163937593,0.000447240260538623,0.0137707907743809,0.159004553647458,0.404001685982686,0.376464565397344
"327",0.193570762705768,0.138539781665551,0.26332813139748,0.169792173106595,0.232852982832076,0.00191616829252962
"328",0.0255516965583737,0.113503421429674,0.343236394150347,0.208246121940209,0.0434496946858342,0.266012671235562
"329",0.00401114781509304,0.068102495767503,0.270782344769545,0.203924877959702,0.190813983277077,0.26236515041108
"330",0.0032190938835674,0.006620457151154,0.281340960198896,0.0801456878781329,0.297540494181316,0.331133306706933
"331",0.217825413998233,0.318953596174401,0.163721492555486,0.104693101333628,0.107889749606025,0.0869166463322274
"332",0.262592880015161,0.157521034653886,0.121694106880623,0.0342738404197332,0.206621743519783,0.217296394510815
"333",0.186386874560779,0.0179337670976848,0.292660706158843,0.257012296834243,0.153605078195196,0.0924012771532545
"334",0.140132130910769,0.00434354433394788,0.28730977443918,0.341079548794788,0.225206905329358,0.00192809619195718
"335",0.00089651705410444,0.0223349203146887,0.273231072261839,0.193798537900899,0.46694155181808,0.0427974006503892
"336",0.0543685082615706,0.00436234240705144,0.49138465665181,0.270859330109639,0.178944692701367,8.04698685625121e-05
"337",0.0537083106890095,0.0401585549011478,0.361227754259334,0.158034360576881,0.20793088381949,0.178940135754138
"338",0.0524546003258335,0.163857651950748,0.284218806273317,0.0623732938937604,0.187969433896165,0.249126213660177
"339",0.0321342068600636,0.0470715955520066,0.177408679606548,0.161685009875808,0.300723015856642,0.280977492248931
"340",0.0142316708743583,0.226127229316706,0.396969505465426,0.127388042003829,0.109803830026579,0.125479722313101
"341",0.0826198640396607,0.0404536075446653,0.219406500291062,0.0984471701686002,0.0383041065758548,0.520768751380157
"342",0.199496431891984,0.0277124177814003,0.36875845837927,0.117610184509,0.0171512657787962,0.269271241659549
